Total run time = 9430846.0 s
Common binning = 0.40 keV
Energy_keV Counts
0.20 0
0.60 0
1.00 0
1.40 0
1.80 0
2.20 0
2.60 0
3.00 0
3.40 0
3.80 0
4.20 0
4.60 0
5.00 0
5.40 0
5.80 0
6.20 0
6.60 0
7.00 0
7.40 0
7.80 0
8.20 0
8.60 0
9.00 0
9.40 0
9.80 0
10.20 0
10.60 0
11.00 0
11.40 0
11.80 0
12.20 0
12.60 0
13.00 0
13.40 0
13.80 0
14.20 0
14.60 0
15.00 0
15.40 0
15.80 0
16.20 0
16.60 0
17.00 0
17.40 0
17.80 0
18.20 0
18.60 0
19.00 0
19.40 0
19.80 0
20.20 0
20.60 0
21.00 0
21.40 0
21.80 0
22.20 0
22.60 0
23.00 0
23.40 0
23.80 0
24.20 0
24.60 0
25.00 0
25.40 0
25.80 0
26.20 0
26.60 0
27.00 0
27.40 0
27.80 0
28.20 0
28.60 0
29.00 0
29.40 0
29.80 0
30.20 0
30.60 0
31.00 0
31.40 0
31.80 0
32.20 0
32.60 4
33.00 1
33.40 12
33.80 12
34.20 6
34.60 7
35.00 9
35.40 9
35.80 8
36.20 7
36.60 0
37.00 12
37.40 2
37.80 14
38.20 9
38.60 11
39.00 9
39.40 12
39.80 8
40.20 11
40.60 6
41.00 9
41.40 8
41.80 11
42.20 8
42.60 7
43.00 2
43.40 7
43.80 10
44.20 14
44.60 12
45.00 10
45.40 8
45.80 8
46.20 4
46.60 11
47.00 8
47.40 7
47.80 7
48.20 10
48.60 4
49.00 14
49.40 8
49.80 6
50.20 9
50.60 11
51.00 8
51.40 14
51.80 13
52.20 16
52.60 10
53.00 11
53.40 9
53.80 11
54.20 12
54.60 9
55.00 14
55.40 9
55.80 4
56.20 11
56.60 13
57.00 7
57.40 15
57.80 15
58.20 10
58.60 11
59.00 13
59.40 8
59.80 10
60.20 11
60.60 15
61.00 20
61.40 16
61.80 12
62.20 13
62.60 11
63.00 15
63.40 11
63.80 11
64.20 12
64.60 14
65.00 11
65.40 6
65.80 15
66.20 9
66.60 16
67.00 16
67.40 19
67.80 15
68.20 9
68.60 13
69.00 11
69.40 11
69.80 18
70.20 17
70.60 12
71.00 24
71.40 12
71.80 10
72.20 15
72.60 11
73.00 15
73.40 29
73.80 13
74.20 21
74.60 9
75.00 3
75.40 20
75.80 13
76.20 17
76.60 15
77.00 14
77.40 18
77.80 10
78.20 13
78.60 12
79.00 14
79.40 17
79.80 13
80.20 14
80.60 12
81.00 18
81.40 11
81.80 10
82.20 12
82.60 19
83.00 8
83.40 20
83.80 11
84.20 26
84.60 6
85.00 15
85.40 25
85.80 12
86.20 11
86.60 11
87.00 17
87.40 18
87.80 27
88.20 18
88.60 23
89.00 14
89.40 16
89.80 21
90.20 19
90.60 25
91.00 36
91.40 23
91.80 18
92.20 21
92.60 16
93.00 17
93.40 17
93.80 14
94.20 14
94.60 15
95.00 18
95.40 19
95.80 22
96.20 27
96.60 14
97.00 29
97.40 27
97.80 18
98.20 20
98.60 22
99.00 20
99.40 11
99.80 14
100.20 18
100.60 17
101.00 25
101.40 20
101.80 18
102.20 11
102.60 19
103.00 17
103.40 20
103.80 3
104.20 35
104.60 18
105.00 7
105.40 14
105.80 18
106.20 16
106.60 19
107.00 13
107.40 18
107.80 26
108.20 10
108.60 19
109.00 14
109.40 20
109.80 20
110.20 17
110.60 19
111.00 36
111.40 11
111.80 16
112.20 18
112.60 22
113.00 24
113.40 5
113.80 18
114.20 24
114.60 14
115.00 18
115.40 26
115.80 22
116.20 19
116.60 19
117.00 20
117.40 14
117.80 25
118.20 9
118.60 21
119.00 10
119.40 17
119.80 11
120.20 17
120.60 16
121.00 17
121.40 16
121.80 10
122.20 13
122.60 23
123.00 5
123.40 19
123.80 15
124.20 14
124.60 27
125.00 12
125.40 25
125.80 20
126.20 18
126.60 16
127.00 14
127.40 15
127.80 19
128.20 22
128.60 16
129.00 15
129.40 13
129.80 14
130.20 25
130.60 20
131.00 21
131.40 25
131.80 18
132.20 21
132.60 4
133.00 21
133.40 16
133.80 16
134.20 15
134.60 32
135.00 25
135.40 22
135.80 16
136.20 14
136.60 13
137.00 23
137.40 14
137.80 18
138.20 23
138.60 20
139.00 22
139.40 22
139.80 20
140.20 18
140.60 13
141.00 31
141.40 22
141.80 12
142.20 22
142.60 21
143.00 17
143.40 25
143.80 17
144.20 24
144.60 29
145.00 21
145.40 18
145.80 24
146.20 23
146.60 23
147.00 15
147.40 21
147.80 27
148.20 24
148.60 28
149.00 18
149.40 26
149.80 29
150.20 20
150.60 22
151.00 22
151.40 18
151.80 23
152.20 11
152.60 24
153.00 22
153.40 25
153.80 22
154.20 28
154.60 34
155.00 20
155.40 23
155.80 21
156.20 24
156.60 23
157.00 11
157.40 20
157.80 31
158.20 19
158.60 18
159.00 18
159.40 22
159.80 24
160.20 23
160.60 20
161.00 8
161.40 30
161.80 20
162.20 23
162.60 24
163.00 28
163.40 27
163.80 17
164.20 22
164.60 28
165.00 17
165.40 32
165.80 31
166.20 22
166.60 30
167.00 27
167.40 23
167.80 26
168.20 30
168.60 23
169.00 26
169.40 24
169.80 22
170.20 19
170.60 9
171.00 23
171.40 36
171.80 22
172.20 28
172.60 20
173.00 25
173.40 23
173.80 17
174.20 19
174.60 26
175.00 19
175.40 15
175.80 18
176.20 15
176.60 20
177.00 12
177.40 24
177.80 35
178.20 20
178.60 15
179.00 22
179.40 26
179.80 25
180.20 8
180.60 19
181.00 19
181.40 24
181.80 31
182.20 23
182.60 27
183.00 23
183.40 16
183.80 30
184.20 26
184.60 43
185.00 43
185.40 55
185.80 33
186.20 27
186.60 20
187.00 26
187.40 24
187.80 24
188.20 23
188.60 20
189.00 20
189.40 28
189.80 7
190.20 22
190.60 24
191.00 20
191.40 36
191.80 19
192.20 21
192.60 18
193.00 21
193.40 17
193.80 27
194.20 23
194.60 28
195.00 29
195.40 28
195.80 29
196.20 31
196.60 28
197.00 20
197.40 19
197.80 22
198.20 24
198.60 16
199.00 18
199.40 7
199.80 21
200.20 9
200.60 19
201.00 21
201.40 28
201.80 27
202.20 17
202.60 16
203.00 15
203.40 12
203.80 14
204.20 20
204.60 28
205.00 22
205.40 21
205.80 14
206.20 24
206.60 31
207.00 17
207.40 13
207.80 30
208.20 29
208.60 14
209.00 6
209.40 19
209.80 15
210.20 10
210.60 21
211.00 16
211.40 37
211.80 16
212.20 20
212.60 18
213.00 16
213.40 21
213.80 17
214.20 22
214.60 18
215.00 24
215.40 24
215.80 18
216.20 19
216.60 23
217.00 19
217.40 14
217.80 25
218.20 27
218.60 5
219.00 22
219.40 20
219.80 20
220.20 25
220.60 22
221.00 22
221.40 33
221.80 14
222.20 22
222.60 20
223.00 18
223.40 20
223.80 21
224.20 27
224.60 20
225.00 26
225.40 11
225.80 22
226.20 12
226.60 17
227.00 19
227.40 13
227.80 12
228.20 16
228.60 22
229.00 22
229.40 19
229.80 19
230.20 12
230.60 15
231.00 26
231.40 24
231.80 16
232.20 24
232.60 25
233.00 15
233.40 15
233.80 17
234.20 20
234.60 25
235.00 25
235.40 18
235.80 23
236.20 18
236.60 29
237.00 22
237.40 26
237.80 21
238.20 59
238.60 38
239.00 30
239.40 27
239.80 34
240.20 29
240.60 24
241.00 28
241.40 29
241.80 23
242.20 17
242.60 30
243.00 25
243.40 25
243.80 25
244.20 29
244.60 26
245.00 40
245.40 27
245.80 23
246.20 26
246.60 20
247.00 7
247.40 20
247.80 22
248.20 33
248.60 21
249.00 15
249.40 17
249.80 21
250.20 13
250.60 21
251.00 21
251.40 18
251.80 27
252.20 9
252.60 25
253.00 12
253.40 18
253.80 15
254.20 20
254.60 19
255.00 22
255.40 14
255.80 26
256.20 23
256.60 8
257.00 15
257.40 16
257.80 11
258.20 27
258.60 20
259.00 20
259.40 17
259.80 11
260.20 15
260.60 15
261.00 17
261.40 19
261.80 27
262.20 12
262.60 15
263.00 14
263.40 16
263.80 21
264.20 9
264.60 19
265.00 20
265.40 24
265.80 13
266.20 10
266.60 19
267.00 17
267.40 17
267.80 18
268.20 28
268.60 17
269.00 23
269.40 20
269.80 17
270.20 23
270.60 26
271.00 33
271.40 25
271.80 31
272.20 23
272.60 22
273.00 17
273.40 22
273.80 12
274.20 16
274.60 18
275.00 27
275.40 16
275.80 11
276.20 13
276.60 22
277.00 14
277.40 19
277.80 19
278.20 22
278.60 19
279.00 21
279.40 13
279.80 13
280.20 13
280.60 10
281.00 11
281.40 21
281.80 25
282.20 25
282.60 37
283.00 40
283.40 40
283.80 37
284.20 33
284.60 30
285.00 36
285.40 10
285.80 27
286.20 26
286.60 21
287.00 22
287.40 20
287.80 23
288.20 18
288.60 19
289.00 13
289.40 13
289.80 16
290.20 5
290.60 8
291.00 9
291.40 14
291.80 19
292.20 14
292.60 6
293.00 10
293.40 17
293.80 17
294.20 17
294.60 22
295.00 29
295.40 17
295.80 21
296.20 20
296.60 17
297.00 22
297.40 14
297.80 18
298.20 17
298.60 47
299.00 41
299.40 55
299.80 67
300.20 70
300.60 60
301.00 58
301.40 56
301.80 86
302.20 64
302.60 65
303.00 60
303.40 58
303.80 43
304.20 37
304.60 4
305.00 28
305.40 15
305.80 16
306.20 20
306.60 11
307.00 12
307.40 11
307.80 8
308.20 10
308.60 18
309.00 11
309.40 12
309.80 8
310.20 22
310.60 7
311.00 8
311.40 9
311.80 12
312.20 12
312.60 9
313.00 12
313.40 10
313.80 1
314.20 20
314.60 11
315.00 15
315.40 16
315.80 11
316.20 8
316.60 16
317.00 8
317.40 11
317.80 13
318.20 5
318.60 11
319.00 8
319.40 10
319.80 11
320.20 12
320.60 11
321.00 5
321.40 5
321.80 13
322.20 11
322.60 12
323.00 7
323.40 4
323.80 13
324.20 9
324.60 15
325.00 8
325.40 15
325.80 6
326.20 9
326.60 14
327.00 10
327.40 12
327.80 14
328.20 17
328.60 41
329.00 32
329.40 31
329.80 49
330.20 44
330.60 30
331.00 28
331.40 15
331.80 22
332.20 10
332.60 5
333.00 1
333.40 12
333.80 14
334.20 10
334.60 9
335.00 2
335.40 11
335.80 8
336.20 4
336.60 10
337.00 15
337.40 18
337.80 11
338.20 17
338.60 13
339.00 6
339.40 11
339.80 9
340.20 11
340.60 16
341.00 14
341.40 11
341.80 14
342.20 18
342.60 1
343.00 11
343.40 7
343.80 8
344.20 5
344.60 14
345.00 5
345.40 16
345.80 4
346.20 6
346.60 5
347.00 8
347.40 9
347.80 5
348.20 6
348.60 17
349.00 8
349.40 11
349.80 13
350.20 27
350.60 30
351.00 34
351.40 51
351.80 37
352.20 22
352.60 28
353.00 16
353.40 9
353.80 11
354.20 10
354.60 14
355.00 15
355.40 8
355.80 9
356.20 9
356.60 10
357.00 6
357.40 7
357.80 6
358.20 11
358.60 3
359.00 8
359.40 10
359.80 6
360.20 9
360.60 9
361.00 5
361.40 1
361.80 4
362.20 10
362.60 7
363.00 8
363.40 8
363.80 7
364.20 4
364.60 4
365.00 7
365.40 11
365.80 6
366.20 10
366.60 6
367.00 4
367.40 4
367.80 4
368.20 7
368.60 5
369.00 7
369.40 10
369.80 10
370.20 6
370.60 7
371.00 3
371.40 3
371.80 8
372.20 11
372.60 5
373.00 7
373.40 9
373.80 4
374.20 7
374.60 5
375.00 8
375.40 8
375.80 9
376.20 6
376.60 7
377.00 4
377.40 7
377.80 2
378.20 4
378.60 11
379.00 11
379.40 9
379.80 5
380.20 6
380.60 1
381.00 5
381.40 7
381.80 4
382.20 6
382.60 9
383.00 8
383.40 2
383.80 11
384.20 4
384.60 10
385.00 5
385.40 8
385.80 7
386.20 10
386.60 9
387.00 5
387.40 6
387.80 9
388.20 5
388.60 5
389.00 9
389.40 7
389.80 8
390.20 1
390.60 8
391.00 12
391.40 19
391.80 15
392.20 24
392.60 19
393.00 19
393.40 15
393.80 7
394.20 6
394.60 6
395.00 4
395.40 7
395.80 6
396.20 9
396.60 5
397.00 7
397.40 7
397.80 4
398.20 8
398.60 4
399.00 7
399.40 0
399.80 3
400.20 5
400.60 11
401.00 10
401.40 4
401.80 12
402.20 16
402.60 10
403.00 7
403.40 9
403.80 7
404.20 10
404.60 4
405.00 13
405.40 11
405.80 13
406.20 6
406.60 2
407.00 9
407.40 6
407.80 5
408.20 5
408.60 5
409.00 4
409.40 6
409.80 8
410.20 13
410.60 11
411.00 6
411.40 3
411.80 11
412.20 12
412.60 8
413.00 5
413.40 4
413.80 8
414.20 5
414.60 3
415.00 7
415.40 7
415.80 7
416.20 4
416.60 3
417.00 1
417.40 8
417.80 5
418.20 6
418.60 3
419.00 5
419.40 5
419.80 5
420.20 3
420.60 10
421.00 8
421.40 2
421.80 9
422.20 12
422.60 3
423.00 2
423.40 6
423.80 5
424.20 2
424.60 5
425.00 7
425.40 5
425.80 4
426.20 8
426.60 11
427.00 8
427.40 6
427.80 7
428.20 3
428.60 5
429.00 8
429.40 2
429.80 1
430.20 2
430.60 5
431.00 6
431.40 2
431.80 8
432.20 4
432.60 8
433.00 8
433.40 2
433.80 3
434.20 6
434.60 5
435.00 4
435.40 4
435.80 5
436.20 3
436.60 3
437.00 6
437.40 1
437.80 6
438.20 2
438.60 5
439.00 10
439.40 4
439.80 6
440.20 5
440.60 3
441.00 8
441.40 6
441.80 11
442.20 3
442.60 9
443.00 5
443.40 10
443.80 9
444.20 5
444.60 6
445.00 4
445.40 3
445.80 11
446.20 3
446.60 1
447.00 1
447.40 5
447.80 5
448.20 5
448.60 8
449.00 8
449.40 4
449.80 2
450.20 3
450.60 6
451.00 6
451.40 1
451.80 0
452.20 2
452.60 4
453.00 4
453.40 6
453.80 8
454.20 4
454.60 6
455.00 7
455.40 3
455.80 3
456.20 6
456.60 3
457.00 0
457.40 2
457.80 6
458.20 6
458.60 4
459.00 10
459.40 7
459.80 5
460.20 5
460.60 5
461.00 6
461.40 6
461.80 8
462.20 6
462.60 7
463.00 5
463.40 3
463.80 7
464.20 4
464.60 3
465.00 7
465.40 1
465.80 4
466.20 5
466.60 3
467.00 5
467.40 5
467.80 8
468.20 4
468.60 1
469.00 3
469.40 4
469.80 6
470.20 5
470.60 2
471.00 6
471.40 6
471.80 7
472.20 6
472.60 11
473.00 3
473.40 10
473.80 1
474.20 4
474.60 4
475.00 4
475.40 5
475.80 5
476.20 4
476.60 6
477.00 5
477.40 8
477.80 7
478.20 9
478.60 3
479.00 8
479.40 9
479.80 2
480.20 2
480.60 5
481.00 2
481.40 5
481.80 4
482.20 8
482.60 15
483.00 3
483.40 3
483.80 2
484.20 6
484.60 3
485.00 2
485.40 6
485.80 3
486.20 5
486.60 5
487.00 7
487.40 7
487.80 3
488.20 7
488.60 7
489.00 2
489.40 9
489.80 8
490.20 4
490.60 3
491.00 7
491.40 3
491.80 6
492.20 3
492.60 5
493.00 5
493.40 5
493.80 4
494.20 5
494.60 5
495.00 5
495.40 4
495.80 1
496.20 4
496.60 7
497.00 3
497.40 4
497.80 4
498.20 2
498.60 5
499.00 3
499.40 9
499.80 4
500.20 6
500.60 3
501.00 7
501.40 2
501.80 3
502.20 4
502.60 4
503.00 5
503.40 5
503.80 5
504.20 1
504.60 3
505.00 0
505.40 6
505.80 3
506.20 5
506.60 3
507.00 4
507.40 1
507.80 2
508.20 7
508.60 5
509.00 7
509.40 14
509.80 11
510.20 11
510.60 14
511.00 14
511.40 15
511.80 16
512.20 10
512.60 13
513.00 9
513.40 5
513.80 10
514.20 14
514.60 6
515.00 4
515.40 4
515.80 1
516.20 6
516.60 4
517.00 5
517.40 4
517.80 1
518.20 5
518.60 2
519.00 4
519.40 6
519.80 2
520.20 1
520.60 8
521.00 6
521.40 5
521.80 4
522.20 6
522.60 2
523.00 3
523.40 2
523.80 5
524.20 2
524.60 2
525.00 1
525.40 5
525.80 3
526.20 8
526.60 2
527.00 7
527.40 3
527.80 4
528.20 1
528.60 3
529.00 3
529.40 6
529.80 6
530.20 3
530.60 2
531.00 6
531.40 1
531.80 6
532.20 0
532.60 4
533.00 5
533.40 7
533.80 4
534.20 4
534.60 9
535.00 4
535.40 1
535.80 4
536.20 8
536.60 4
537.00 3
537.40 2
537.80 5
538.20 5
538.60 0
539.00 5
539.40 10
539.80 3
540.20 3
540.60 4
541.00 5
541.40 4
541.80 0
542.20 6
542.60 6
543.00 4
543.40 4
543.80 3
544.20 6
544.60 2
545.00 4
545.40 2
545.80 2
546.20 4
546.60 5
547.00 5
547.40 3
547.80 1
548.20 5
548.60 4
549.00 6
549.40 5
549.80 1
550.20 7
550.60 6
551.00 7
551.40 1
551.80 4
552.20 4
552.60 2
553.00 6
553.40 4
553.80 2
554.20 4
554.60 5
555.00 6
555.40 5
555.80 2
556.20 7
556.60 2
557.00 7
557.40 2
557.80 4
558.20 3
558.60 3
559.00 5
559.40 6
559.80 5
560.20 3
560.60 3
561.00 2
561.40 3
561.80 5
562.20 3
562.60 4
563.00 6
563.40 1
563.80 3
564.20 3
564.60 2
565.00 6
565.40 3
565.80 2
566.20 9
566.60 0
567.00 2
567.40 1
567.80 7
568.20 4
568.60 2
569.00 3
569.40 4
569.80 9
570.20 1
570.60 5
571.00 4
571.40 6
571.80 5
572.20 4
572.60 2
573.00 2
573.40 3
573.80 6
574.20 4
574.60 2
575.00 1
575.40 2
575.80 1
576.20 10
576.60 10
577.00 4
577.40 2
577.80 1
578.20 4
578.60 6
579.00 1
579.40 1
579.80 4
580.20 4
580.60 10
581.00 7
581.40 5
581.80 9
582.20 13
582.60 16
583.00 26
583.40 17
583.80 18
584.20 5
584.60 8
585.00 5
585.40 2
585.80 9
586.20 3
586.60 8
587.00 3
587.40 1
587.80 4
588.20 6
588.60 7
589.00 1
589.40 3
589.80 4
590.20 4
590.60 3
591.00 5
591.40 3
591.80 3
592.20 2
592.60 5
593.00 6
593.40 5
593.80 3
594.20 7
594.60 1
595.00 11
595.40 4
595.80 1
596.20 1
596.60 5
597.00 4
597.40 5
597.80 1
598.20 4
598.60 2
599.00 4
599.40 3
599.80 2
600.20 3
600.60 1
601.00 8
601.40 1
601.80 2
602.20 5
602.60 4
603.00 7
603.40 4
603.80 1
604.20 1
604.60 3
605.00 5
605.40 1
605.80 2
606.20 2
606.60 2
607.00 8
607.40 9
607.80 6
608.20 24
608.60 20
609.00 25
609.40 25
609.80 33
610.20 13
610.60 15
611.00 8
611.40 4
611.80 6
612.20 4
612.60 5
613.00 6
613.40 3
613.80 3
614.20 1
614.60 4
615.00 2
615.40 1
615.80 3
616.20 4
616.60 2
617.00 2
617.40 1
617.80 4
618.20 3
618.60 3
619.00 2
619.40 2
619.80 2
620.20 3
620.60 4
621.00 4
621.40 1
621.80 1
622.20 5
622.60 4
623.00 3
623.40 8
623.80 2
624.20 7
624.60 3
625.00 3
625.40 0
625.80 0
626.20 1
626.60 2
627.00 1
627.40 2
627.80 2
628.20 4
628.60 3
629.00 3
629.40 2
629.80 4
630.20 2
630.60 2
631.00 1
631.40 2
631.80 5
632.20 1
632.60 5
633.00 3
633.40 4
633.80 3
634.20 5
634.60 3
635.00 3
635.40 3
635.80 2
636.20 0
636.60 4
637.00 3
637.40 2
637.80 2
638.20 2
638.60 4
639.00 3
639.40 2
639.80 4
640.20 4
640.60 4
641.00 6
641.40 2
641.80 6
642.20 0
642.60 0
643.00 8
643.40 5
643.80 2
644.20 1
644.60 3
645.00 2
645.40 2
645.80 0
646.20 6
646.60 5
647.00 2
647.40 0
647.80 4
648.20 1
648.60 1
649.00 1
649.40 3
649.80 2
650.20 8
650.60 1
651.00 3
651.40 5
651.80 5
652.20 1
652.60 3
653.00 5
653.40 3
653.80 3
654.20 3
654.60 3
655.00 1
655.40 1
655.80 2
656.20 3
656.60 3
657.00 0
657.40 2
657.80 1
658.20 2
658.60 2
659.00 3
659.40 3
659.80 8
660.20 10
660.60 8
661.00 9
661.40 14
661.80 6
662.20 12
662.60 8
663.00 3
663.40 6
663.80 2
664.20 9
664.60 0
665.00 4
665.40 2
665.80 5
666.20 6
666.60 1
667.00 2
667.40 3
667.80 2
668.20 3
668.60 1
669.00 1
669.40 6
669.80 3
670.20 5
670.60 3
671.00 1
671.40 0
671.80 5
672.20 6
672.60 4
673.00 3
673.40 6
673.80 3
674.20 3
674.60 3
675.00 4
675.40 3
675.80 0
676.20 2
676.60 1
677.00 6
677.40 2
677.80 1
678.20 3
678.60 3
679.00 6
679.40 2
679.80 1
680.20 3
680.60 5
681.00 2
681.40 2
681.80 3
682.20 3
682.60 2
683.00 6
683.40 4
683.80 3
684.20 3
684.60 2
685.00 1
685.40 3
685.80 1
686.20 0
686.60 4
687.00 2
687.40 2
687.80 0
688.20 4
688.60 0
689.00 1
689.40 2
689.80 3
690.20 3
690.60 7
691.00 1
691.40 4
691.80 4
692.20 4
692.60 1
693.00 2
693.40 7
693.80 3
694.20 7
694.60 2
695.00 7
695.40 1
695.80 1
696.20 4
696.60 7
697.00 1
697.40 1
697.80 5
698.20 2
698.60 2
699.00 2
699.40 2
699.80 4
700.20 5
700.60 4
701.00 2
701.40 2
701.80 4
702.20 2
702.60 3
703.00 3
703.40 4
703.80 0
704.20 2
704.60 4
705.00 2
705.40 2
705.80 2
706.20 4
706.60 2
707.00 1
707.40 0
707.80 2
708.20 1
708.60 1
709.00 3
709.40 2
709.80 3
710.20 2
710.60 1
711.00 2
711.40 0
711.80 2
712.20 4
712.60 3
713.00 2
713.40 2
713.80 3
714.20 3
714.60 2
715.00 4
715.40 2
715.80 0
716.20 4
716.60 6
717.00 0
717.40 3
717.80 0
718.20 1
718.60 1
719.00 0
719.40 0
719.80 1
720.20 8
720.60 4
721.00 0
721.40 4
721.80 2
722.20 1
722.60 0
723.00 8
723.40 4
723.80 4
724.20 3
724.60 3
725.00 1
725.40 2
725.80 6
726.20 6
726.60 9
727.00 11
727.40 7
727.80 5
728.20 4
728.60 1
729.00 2
729.40 4
729.80 2
730.20 3
730.60 0
731.00 2
731.40 1
731.80 3
732.20 3
732.60 3
733.00 1
733.40 3
733.80 4
734.20 1
734.60 3
735.00 2
735.40 2
735.80 3
736.20 4
736.60 2
737.00 1
737.40 4
737.80 4
738.20 3
738.60 0
739.00 6
739.40 2
739.80 3
740.20 1
740.60 5
741.00 3
741.40 3
741.80 4
742.20 4
742.60 0
743.00 2
743.40 3
743.80 6
744.20 0
744.60 1
745.00 4
745.40 5
745.80 3
746.20 2
746.60 2
747.00 1
747.40 1
747.80 2
748.20 4
748.60 3
749.00 0
749.40 2
749.80 2
750.20 2
750.60 1
751.00 0
751.40 1
751.80 1
752.20 5
752.60 4
753.00 4
753.40 2
753.80 3
754.20 0
754.60 2
755.00 4
755.40 3
755.80 4
756.20 5
756.60 5
757.00 7
757.40 2
757.80 6
758.20 3
758.60 0
759.00 2
759.40 4
759.80 2
760.20 1
760.60 7
761.00 2
761.40 1
761.80 1
762.20 0
762.60 3
763.00 3
763.40 4
763.80 2
764.20 5
764.60 8
765.00 7
765.40 9
765.80 7
766.20 6
766.60 3
767.00 14
767.40 5
767.80 0
768.20 9
768.60 2
769.00 5
769.40 3
769.80 2
770.20 4
770.60 6
771.00 2
771.40 1
771.80 1
772.20 3
772.60 1
773.00 1
773.40 1
773.80 5
774.20 2
774.60 1
775.00 1
775.40 3
775.80 0
776.20 1
776.60 4
777.00 3
777.40 3
777.80 0
778.20 4
778.60 2
779.00 3
779.40 4
779.80 2
780.20 0
780.60 2
781.00 3
781.40 4
781.80 2
782.20 2
782.60 0
783.00 0
783.40 2
783.80 4
784.20 7
784.60 4
785.00 6
785.40 1
785.80 1
786.20 2
786.60 1
787.00 1
787.40 1
787.80 1
788.20 2
788.60 3
789.00 1
789.40 1
789.80 0
790.20 2
790.60 2
791.00 0
791.40 2
791.80 2
792.20 1
792.60 2
793.00 2
793.40 4
793.80 7
794.20 1
794.60 7
795.00 6
795.40 0
795.80 4
796.20 1
796.60 4
797.00 2
797.40 3
797.80 4
798.20 2
798.60 1
799.00 3
799.40 0
799.80 0
800.20 3
800.60 2
801.00 1
801.40 1
801.80 3
802.20 0
802.60 2
803.00 1
803.40 3
803.80 2
804.20 1
804.60 2
805.00 1
805.40 1
805.80 3
806.20 3
806.60 1
807.00 3
807.40 4
807.80 1
808.20 1
808.60 2
809.00 1
809.40 1
809.80 1
810.20 2
810.60 5
811.00 3
811.40 2
811.80 2
812.20 1
812.60 1
813.00 2
813.40 0
813.80 1
814.20 3
814.60 2
815.00 1
815.40 2
815.80 2
816.20 2
816.60 2
817.00 2
817.40 3
817.80 3
818.20 3
818.60 3
819.00 1
819.40 1
819.80 2
820.20 2
820.60 0
821.00 5
821.40 5
821.80 2
822.20 2
822.60 0
823.00 2
823.40 0
823.80 5
824.20 3
824.60 2
825.00 1
825.40 5
825.80 1
826.20 3
826.60 1
827.00 1
827.40 3
827.80 3
828.20 3
828.60 2
829.00 0
829.40 0
829.80 2
830.20 2
830.60 4
831.00 8
831.40 2
831.80 2
832.20 4
832.60 3
833.00 4
833.40 0
833.80 1
834.20 1
834.60 5
835.00 3
835.40 2
835.80 5
836.20 1
836.60 5
837.00 2
837.40 3
837.80 2
838.20 1
838.60 2
839.00 3
839.40 0
839.80 4
840.20 1
840.60 2
841.00 3
841.40 2
841.80 2
842.20 3
842.60 1
843.00 0
843.40 4
843.80 3
844.20 1
844.60 1
845.00 1
845.40 5
845.80 3
846.20 0
846.60 0
847.00 2
847.40 3
847.80 2
848.20 2
848.60 2
849.00 4
849.40 1
849.80 2
850.20 2
850.60 3
851.00 0
851.40 1
851.80 0
852.20 1
852.60 0
853.00 0
853.40 3
853.80 2
854.20 1
854.60 1
855.00 1
855.40 2
855.80 2
856.20 0
856.60 1
857.00 3
857.40 3
857.80 2
858.20 0
858.60 2
859.00 1
859.40 6
859.80 4
860.20 3
860.60 6
861.00 5
861.40 4
861.80 1
862.20 2
862.60 1
863.00 3
863.40 2
863.80 0
864.20 2
864.60 0
865.00 0
865.40 1
865.80 3
866.20 1
866.60 0
867.00 4
867.40 0
867.80 1
868.20 3
868.60 2
869.00 2
869.40 1
869.80 2
870.20 2
870.60 2
871.00 2
871.40 3
871.80 1
872.20 3
872.60 3
873.00 2
873.40 3
873.80 0
874.20 4
874.60 3
875.00 3
875.40 2
875.80 0
876.20 2
876.60 2
877.00 1
877.40 2
877.80 1
878.20 0
878.60 1
879.00 2
879.40 1
879.80 3
880.20 2
880.60 2
881.00 0
881.40 5
881.80 3
882.20 1
882.60 1
883.00 3
883.40 1
883.80 0
884.20 2
884.60 0
885.00 1
885.40 1
885.80 4
886.20 1
886.60 2
887.00 2
887.40 2
887.80 2
888.20 3
888.60 1
889.00 0
889.40 0
889.80 0
890.20 1
890.60 2
891.00 7
891.40 4
891.80 3
892.20 3
892.60 1
893.00 1
893.40 5
893.80 1
894.20 1
894.60 7
895.00 0
895.40 2
895.80 2
896.20 12
896.60 9
897.00 18
897.40 16
897.80 34
898.20 17
898.60 18
899.00 13
899.40 2
899.80 8
900.20 6
900.60 2
901.00 4
901.40 1
901.80 2
902.20 4
902.60 2
903.00 2
903.40 1
903.80 4
904.20 1
904.60 0
905.00 3
905.40 1
905.80 0
906.20 2
906.60 0
907.00 1
907.40 0
907.80 3
908.20 4
908.60 1
909.00 2
909.40 6
909.80 13
910.20 8
910.60 7
911.00 13
911.40 11
911.80 10
912.20 9
912.60 3
913.00 1
913.40 1
913.80 3
914.20 0
914.60 2
915.00 3
915.40 4
915.80 0
916.20 1
916.60 2
917.00 4
917.40 4
917.80 1
918.20 3
918.60 1
919.00 1
919.40 0
919.80 2
920.20 2
920.60 3
921.00 0
921.40 0
921.80 5
922.20 2
922.60 2
923.00 0
923.40 1
923.80 2
924.20 0
924.60 2
925.00 0
925.40 2
925.80 3
926.20 5
926.60 2
927.00 2
927.40 0
927.80 3
928.20 1
928.60 2
929.00 2
929.40 1
929.80 2
930.20 1
930.60 3
931.00 2
931.40 3
931.80 5
932.20 5
932.60 1
933.00 3
933.40 1
933.80 3
934.20 2
934.60 2
935.00 2
935.40 0
935.80 4
936.20 0
936.60 0
937.00 0
937.40 1
937.80 3
938.20 3
938.60 2
939.00 3
939.40 3
939.80 0
940.20 3
940.60 3
941.00 1
941.40 5
941.80 1
942.20 2
942.60 0
943.00 0
943.40 3
943.80 2
944.20 0
944.60 1
945.00 3
945.40 3
945.80 4
946.20 2
946.60 2
947.00 2
947.40 2
947.80 3
948.20 1
948.60 3
949.00 2
949.40 3
949.80 1
950.20 2
950.60 1
951.00 3
951.40 2
951.80 0
952.20 2
952.60 2
953.00 1
953.40 3
953.80 1
954.20 1
954.60 2
955.00 0
955.40 0
955.80 2
956.20 3
956.60 0
957.00 2
957.40 1
957.80 1
958.20 3
958.60 0
959.00 1
959.40 3
959.80 0
960.20 2
960.60 1
961.00 2
961.40 1
961.80 2
962.20 2
962.60 6
963.00 3
963.40 3
963.80 5
964.20 4
964.60 4
965.00 3
965.40 2
965.80 2
966.20 1
966.60 2
967.00 4
967.40 8
967.80 2
968.20 12
968.60 6
969.00 4
969.40 6
969.80 5
970.20 3
970.60 3
971.00 1
971.40 2
971.80 1
972.20 2
972.60 0
973.00 0
973.40 1
973.80 0
974.20 4
974.60 3
975.00 3
975.40 1
975.80 4
976.20 1
976.60 0
977.00 1
977.40 1
977.80 0
978.20 4
978.60 0
979.00 1
979.40 1
979.80 3
980.20 1
980.60 2
981.00 2
981.40 3
981.80 0
982.20 1
982.60 2
983.00 2
983.40 1
983.80 1
984.20 2
984.60 0
985.00 1
985.40 3
985.80 1
986.20 0
986.60 4
987.00 5
987.40 1
987.80 2
988.20 3
988.60 3
989.00 0
989.40 0
989.80 0
990.20 2
990.60 0
991.00 3
991.40 3
991.80 2
992.20 1
992.60 1
993.00 2
993.40 1
993.80 1
994.20 2
994.60 0
995.00 0
995.40 3
995.80 1
996.20 1
996.60 0
997.00 2
997.40 0
997.80 2
998.20 4
998.60 0
999.00 1
999.40 1
999.80 3
1000.20 3
1000.60 10
1001.00 9
1001.40 12
1001.80 3
1002.20 2
1002.60 1
1003.00 4
1003.40 1
1003.80 3
1004.20 1
1004.60 0
1005.00 1
1005.40 0
1005.80 1
1006.20 0
1006.60 0
1007.00 2
1007.40 2
1007.80 1
1008.20 5
1008.60 1
1009.00 1
1009.40 0
1009.80 0
1010.20 1
1010.60 0
1011.00 0
1011.40 1
1011.80 5
1012.20 1
1012.60 1
1013.00 1
1013.40 1
1013.80 0
1014.20 3
1014.60 1
1015.00 3
1015.40 3
1015.80 5
1016.20 0
1016.60 0
1017.00 2
1017.40 1
1017.80 0
1018.20 2
1018.60 0
1019.00 0
1019.40 2
1019.80 1
1020.20 0
1020.60 2
1021.00 1
1021.40 3
1021.80 5
1022.20 2
1022.60 3
1023.00 2
1023.40 1
1023.80 3
1024.20 1
1024.60 2
1025.00 3
1025.40 2
1025.80 1
1026.20 1
1026.60 1
1027.00 1
1027.40 1
1027.80 0
1028.20 1
1028.60 1
1029.00 0
1029.40 0
1029.80 0
1030.20 2
1030.60 1
1031.00 2
1031.40 1
1031.80 2
1032.20 4
1032.60 1
1033.00 1
1033.40 0
1033.80 1
1034.20 0
1034.60 2
1035.00 0
1035.40 3
1035.80 3
1036.20 1
1036.60 1
1037.00 1
1037.40 2
1037.80 3
1038.20 2
1038.60 1
1039.00 0
1039.40 0
1039.80 0
1040.20 2
1040.60 3
1041.00 2
1041.40 1
1041.80 1
1042.20 0
1042.60 0
1043.00 4
1043.40 2
1043.80 4
1044.20 3
1044.60 1
1045.00 4
1045.40 1
1045.80 3
1046.20 2
1046.60 1
1047.00 2
1047.40 3
1047.80 3
1048.20 1
1048.60 3
1049.00 1
1049.40 1
1049.80 1
1050.20 0
1050.60 0
1051.00 1
1051.40 4
1051.80 2
1052.20 0
1052.60 2
1053.00 1
1053.40 2
1053.80 0
1054.20 2
1054.60 2
1055.00 1
1055.40 0
1055.80 2
1056.20 2
1056.60 0
1057.00 4
1057.40 1
1057.80 2
1058.20 3
1058.60 4
1059.00 2
1059.40 3
1059.80 1
1060.20 3
1060.60 1
1061.00 3
1061.40 1
1061.80 3
1062.20 2
1062.60 2
1063.00 1
1063.40 3
1063.80 2
1064.20 2
1064.60 1
1065.00 0
1065.40 0
1065.80 2
1066.20 0
1066.60 1
1067.00 0
1067.40 0
1067.80 3
1068.20 2
1068.60 1
1069.00 4
1069.40 5
1069.80 1
1070.20 2
1070.60 1
1071.00 1
1071.40 1
1071.80 3
1072.20 0
1072.60 1
1073.00 0
1073.40 1
1073.80 1
1074.20 1
1074.60 0
1075.00 1
1075.40 2
1075.80 2
1076.20 1
1076.60 2
1077.00 3
1077.40 1
1077.80 1
1078.20 0
1078.60 2
1079.00 4
1079.40 2
1079.80 1
1080.20 0
1080.60 2
1081.00 1
1081.40 4
1081.80 1
1082.20 5
1082.60 4
1083.00 3
1083.40 3
1083.80 1
1084.20 3
1084.60 0
1085.00 0
1085.40 2
1085.80 1
1086.20 2
1086.60 2
1087.00 0
1087.40 1
1087.80 1
1088.20 2
1088.60 2
1089.00 1
1089.40 1
1089.80 2
1090.20 0
1090.60 2
1091.00 2
1091.40 1
1091.80 2
1092.20 4
1092.60 0
1093.00 2
1093.40 3
1093.80 0
1094.20 1
1094.60 2
1095.00 2
1095.40 2
1095.80 2
1096.20 4
1096.60 0
1097.00 1
1097.40 3
1097.80 1
1098.20 1
1098.60 3
1099.00 0
1099.40 1
1099.80 2
1100.20 5
1100.60 3
1101.00 2
1101.40 1
1101.80 1
1102.20 3
1102.60 5
1103.00 2
1103.40 3
1103.80 2
1104.20 1
1104.60 1
1105.00 0
1105.40 2
1105.80 0
1106.20 3
1106.60 3
1107.00 2
1107.40 3
1107.80 3
1108.20 2
1108.60 3
1109.00 2
1109.40 4
1109.80 0
1110.20 0
1110.60 3
1111.00 1
1111.40 2
1111.80 1
1112.20 0
1112.60 2
1113.00 4
1113.40 3
1113.80 1
1114.20 1
1114.60 0
1115.00 0
1115.40 2
1115.80 1
1116.20 1
1116.60 1
1117.00 4
1117.40 1
1117.80 2
1118.20 3
1118.60 7
1119.00 6
1119.40 12
1119.80 13
1120.20 10
1120.60 7
1121.00 7
1121.40 3
1121.80 7
1122.20 5
1122.60 1
1123.00 0
1123.40 0
1123.80 3
1124.20 3
1124.60 3
1125.00 0
1125.40 2
1125.80 2
1126.20 1
1126.60 1
1127.00 1
1127.40 2
1127.80 0
1128.20 0
1128.60 0
1129.00 1
1129.40 0
1129.80 0
1130.20 1
1130.60 1
1131.00 0
1131.40 2
1131.80 1
1132.20 2
1132.60 2
1133.00 2
1133.40 0
1133.80 2
1134.20 1
1134.60 2
1135.00 0
1135.40 5
1135.80 2
1136.20 1
1136.60 2
1137.00 2
1137.40 0
1137.80 3
1138.20 1
1138.60 0
1139.00 1
1139.40 2
1139.80 2
1140.20 1
1140.60 3
1141.00 1
1141.40 0
1141.80 5
1142.20 2
1142.60 0
1143.00 5
1143.40 1
1143.80 4
1144.20 2
1144.60 1
1145.00 1
1145.40 1
1145.80 1
1146.20 2
1146.60 4
1147.00 2
1147.40 1
1147.80 0
1148.20 3
1148.60 1
1149.00 1
1149.40 1
1149.80 2
1150.20 1
1150.60 0
1151.00 2
1151.40 3
1151.80 3
1152.20 2
1152.60 0
1153.00 3
1153.40 6
1153.80 1
1154.20 2
1154.60 3
1155.00 2
1155.40 3
1155.80 2
1156.20 1
1156.60 3
1157.00 2
1157.40 3
1157.80 0
1158.20 3
1158.60 2
1159.00 3
1159.40 3
1159.80 2
1160.20 1
1160.60 0
1161.00 3
1161.40 2
1161.80 1
1162.20 2
1162.60 4
1163.00 4
1163.40 2
1163.80 1
1164.20 1
1164.60 2
1165.00 3
1165.40 3
1165.80 2
1166.20 1
1166.60 0
1167.00 1
1167.40 3
1167.80 3
1168.20 2
1168.60 0
1169.00 3
1169.40 0
1169.80 4
1170.20 3
1170.60 1
1171.00 2
1171.40 0
1171.80 3
1172.20 1
1172.60 2
1173.00 1
1173.40 3
1173.80 1
1174.20 5
1174.60 2
1175.00 1
1175.40 2
1175.80 4
1176.20 1
1176.60 0
1177.00 2
1177.40 0
1177.80 3
1178.20 3
1178.60 0
1179.00 4
1179.40 0
1179.80 1
1180.20 1
1180.60 5
1181.00 0
1181.40 0
1181.80 1
1182.20 1
1182.60 0
1183.00 4
1183.40 2
1183.80 4
1184.20 2
1184.60 1
1185.00 2
1185.40 1
1185.80 4
1186.20 2
1186.60 3
1187.00 3
1187.40 2
1187.80 1
1188.20 2
1188.60 0
1189.00 3
1189.40 4
1189.80 3
1190.20 1
1190.60 2
1191.00 2
1191.40 2
1191.80 3
1192.20 0
1192.60 3
1193.00 2
1193.40 3
1193.80 3
1194.20 3
1194.60 2
1195.00 2
1195.40 2
1195.80 5
1196.20 0
1196.60 1
1197.00 2
1197.40 0
1197.80 2
1198.20 3
1198.60 1
1199.00 4
1199.40 3
1199.80 1
1200.20 1
1200.60 2
1201.00 0
1201.40 1
1201.80 4
1202.20 2
1202.60 0
1203.00 0
1203.40 3
1203.80 3
1204.20 3
1204.60 0
1205.00 0
1205.40 1
1205.80 3
1206.20 3
1206.60 0
1207.00 1
1207.40 7
1207.80 1
1208.20 3
1208.60 2
1209.00 2
1209.40 3
1209.80 3
1210.20 3
1210.60 1
1211.00 1
1211.40 1
1211.80 1
1212.20 3
1212.60 3
1213.00 1
1213.40 1
1213.80 4
1214.20 2
1214.60 2
1215.00 5
1215.40 3
1215.80 3
1216.20 3
1216.60 2
1217.00 0
1217.40 0
1217.80 1
1218.20 3
1218.60 1
1219.00 3
1219.40 2
1219.80 4
1220.20 3
1220.60 2
1221.00 4
1221.40 2
1221.80 2
1222.20 4
1222.60 3
1223.00 2
1223.40 2
1223.80 3
1224.20 2
1224.60 3
1225.00 1
1225.40 0
1225.80 3
1226.20 3
1226.60 2
1227.00 2
1227.40 0
1227.80 1
1228.20 5
1228.60 1
1229.00 1
1229.40 2
1229.80 3
1230.20 1
1230.60 4
1231.00 3
1231.40 2
1231.80 2
1232.20 3
1232.60 5
1233.00 0
1233.40 3
1233.80 0
1234.20 0
1234.60 4
1235.00 3
1235.40 3
1235.80 5
1236.20 1
1236.60 4
1237.00 0
1237.40 2
1237.80 1
1238.20 4
1238.60 6
1239.00 3
1239.40 6
1239.80 3
1240.20 2
1240.60 2
1241.00 0
1241.40 3
1241.80 5
1242.20 2
1242.60 1
1243.00 1
1243.40 2
1243.80 3
1244.20 0
1244.60 1
1245.00 1
1245.40 2
1245.80 2
1246.20 2
1246.60 2
1247.00 3
1247.40 0
1247.80 0
1248.20 1
1248.60 1
1249.00 3
1249.40 3
1249.80 2
1250.20 4
1250.60 0
1251.00 1
1251.40 1
1251.80 1
1252.20 3
1252.60 1
1253.00 2
1253.40 3
1253.80 2
1254.20 0
1254.60 1
1255.00 1
1255.40 2
1255.80 0
1256.20 1
1256.60 0
1257.00 0
1257.40 0
1257.80 2
1258.20 2
1258.60 0
1259.00 4
1259.40 3
1259.80 0
1260.20 1
1260.60 1
1261.00 2
1261.40 0
1261.80 3
1262.20 0
1262.60 2
1263.00 1
1263.40 2
1263.80 4
1264.20 1
1264.60 2
1265.00 3
1265.40 0
1265.80 1
1266.20 1
1266.60 3
1267.00 3
1267.40 0
1267.80 0
1268.20 1
1268.60 0
1269.00 3
1269.40 2
1269.80 3
1270.20 2
1270.60 2
1271.00 2
1271.40 1
1271.80 0
1272.20 0
1272.60 2
1273.00 1
1273.40 2
1273.80 4
1274.20 1
1274.60 1
1275.00 1
1275.40 0
1275.80 0
1276.20 0
1276.60 2
1277.00 2
1277.40 2
1277.80 2
1278.20 0
1278.60 2
1279.00 2
1279.40 5
1279.80 1
1280.20 1
1280.60 1
1281.00 3
1281.40 2
1281.80 3
1282.20 1
1282.60 3
1283.00 3
1283.40 0
1283.80 0
1284.20 1
1284.60 1
1285.00 4
1285.40 0
1285.80 2
1286.20 4
1286.60 3
1287.00 0
1287.40 0
1287.80 0
1288.20 1
1288.60 1
1289.00 4
1289.40 3
1289.80 1
1290.20 1
1290.60 0
1291.00 1
1291.40 1
1291.80 3
1292.20 0
1292.60 2
1293.00 0
1293.40 0
1293.80 0
1294.20 0
1294.60 1
1295.00 1
1295.40 1
1295.80 0
1296.20 1
1296.60 1
1297.00 0
1297.40 0
1297.80 1
1298.20 2
1298.60 0
1299.00 0
1299.40 2
1299.80 0
1300.20 0
1300.60 2
1301.00 2
1301.40 0
1301.80 1
1302.20 1
1302.60 3
1303.00 1
1303.40 3
1303.80 0
1304.20 0
1304.60 1
1305.00 1
1305.40 2
1305.80 1
1306.20 1
1306.60 1
1307.00 2
1307.40 3
1307.80 1
1308.20 0
1308.60 0
1309.00 1
1309.40 0
1309.80 1
1310.20 0
1310.60 4
1311.00 0
1311.40 1
1311.80 1
1312.20 1
1312.60 0
1313.00 0
1313.40 3
1313.80 1
1314.20 0
1314.60 1
1315.00 2
1315.40 1
1315.80 1
1316.20 1
1316.60 1
1317.00 2
1317.40 0
1317.80 1
1318.20 1
1318.60 1
1319.00 2
1319.40 1
1319.80 2
1320.20 1
1320.60 0
1321.00 0
1321.40 2
1321.80 2
1322.20 1
1322.60 2
1323.00 3
1323.40 4
1323.80 2
1324.20 1
1324.60 0
1325.00 2
1325.40 0
1325.80 0
1326.20 4
1326.60 0
1327.00 0
1327.40 0
1327.80 4
1328.20 0
1328.60 1
1329.00 1
1329.40 1
1329.80 3
1330.20 0
1330.60 0
1331.00 0
1331.40 1
1331.80 1
1332.20 3
1332.60 1
1333.00 2
1333.40 1
1333.80 0
1334.20 1
1334.60 0
1335.00 0
1335.40 0
1335.80 1
1336.20 0
1336.60 3
1337.00 1
1337.40 0
1337.80 1
1338.20 0
1338.60 3
1339.00 0
1339.40 2
1339.80 1
1340.20 1
1340.60 2
1341.00 1
1341.40 1
1341.80 3
1342.20 3
1342.60 1
1343.00 0
1343.40 0
1343.80 2
1344.20 1
1344.60 0
1345.00 0
1345.40 0
1345.80 0
1346.20 0
1346.60 3
1347.00 1
1347.40 0
1347.80 1
1348.20 0
1348.60 0
1349.00 0
1349.40 2
1349.80 0
1350.20 1
1350.60 0
1351.00 3
1351.40 0
1351.80 4
1352.20 1
1352.60 0
1353.00 0
1353.40 0
1353.80 1
1354.20 2
1354.60 1
1355.00 2
1355.40 0
1355.80 0
1356.20 2
1356.60 2
1357.00 1
1357.40 0
1357.80 0
1358.20 1
1358.60 0
1359.00 1
1359.40 2
1359.80 2
1360.20 0
1360.60 1
1361.00 0
1361.40 1
1361.80 0
1362.20 1
1362.60 0
1363.00 0
1363.40 1
1363.80 0
1364.20 0
1364.60 0
1365.00 1
1365.40 1
1365.80 0
1366.20 1
1366.60 1
1367.00 1
1367.40 4
1367.80 0
1368.20 1
1368.60 1
1369.00 1
1369.40 1
1369.80 0
1370.20 0
1370.60 1
1371.00 1
1371.40 2
1371.80 0
1372.20 0
1372.60 2
1373.00 0
1373.40 0
1373.80 1
1374.20 3
1374.60 0
1375.00 2
1375.40 0
1375.80 1
1376.20 2
1376.60 3
1377.00 4
1377.40 1
1377.80 2
1378.20 0
1378.60 1
1379.00 0
1379.40 1
1379.80 2
1380.20 1
1380.60 2
1381.00 0
1381.40 1
1381.80 0
1382.20 1
1382.60 1
1383.00 1
1383.40 0
1383.80 0
1384.20 2
1384.60 1
1385.00 2
1385.40 1
1385.80 1
1386.20 2
1386.60 0
1387.00 1
1387.40 1
1387.80 1
1388.20 0
1388.60 0
1389.00 0
1389.40 0
1389.80 1
1390.20 0
1390.60 1
1391.00 0
1391.40 1
1391.80 1
1392.20 2
1392.60 0
1393.00 1
1393.40 1
1393.80 0
1394.20 1
1394.60 1
1395.00 1
1395.40 0
1395.80 2
1396.20 0
1396.60 1
1397.00 0
1397.40 0
1397.80 2
1398.20 1
1398.60 0
1399.00 0
1399.40 0
1399.80 2
1400.20 0
1400.60 2
1401.00 3
1401.40 0
1401.80 0
1402.20 1
1402.60 1
1403.00 2
1403.40 2
1403.80 1
1404.20 0
1404.60 0
1405.00 1
1405.40 0
1405.80 0
1406.20 1
1406.60 1
1407.00 0
1407.40 1
1407.80 0
1408.20 1
1408.60 1
1409.00 1
1409.40 1
1409.80 0
1410.20 0
1410.60 0
1411.00 1
1411.40 2
1411.80 0
1412.20 2
1412.60 2
1413.00 1
1413.40 1
1413.80 0
1414.20 1
1414.60 0
1415.00 0
1415.40 0
1415.80 0
1416.20 1
1416.60 1
1417.00 0
1417.40 2
1417.80 0
1418.20 0
1418.60 0
1419.00 2
1419.40 0
1419.80 1
1420.20 1
1420.60 1
1421.00 1
1421.40 1
1421.80 0
1422.20 0
1422.60 0
1423.00 0
1423.40 2
1423.80 1
1424.20 1
1424.60 2
1425.00 0
1425.40 0
1425.80 2
1426.20 1
1426.60 0
1427.00 1
1427.40 1
1427.80 0
1428.20 1
1428.60 0
1429.00 0
1429.40 0
1429.80 2
1430.20 1
1430.60 1
1431.00 1
1431.40 0
1431.80 2
1432.20 0
1432.60 0
1433.00 1
1433.40 1
1433.80 1
1434.20 1
1434.60 2
1435.00 1
1435.40 1
1435.80 0
1436.20 2
1436.60 0
1437.00 1
1437.40 2
1437.80 1
1438.20 2
1438.60 0
1439.00 1
1439.40 0
1439.80 0
1440.20 0
1440.60 0
1441.00 1
1441.40 0
1441.80 0
1442.20 0
1442.60 0
1443.00 0
1443.40 0
1443.80 0
1444.20 1
1444.60 1
1445.00 0
1445.40 1
1445.80 2
1446.20 0
1446.60 0
1447.00 0
1447.40 1
1447.80 0
1448.20 0
1448.60 0
1449.00 0
1449.40 0
1449.80 0
1450.20 2
1450.60 1
1451.00 1
1451.40 2
1451.80 1
1452.20 1
1452.60 0
1453.00 0
1453.40 1
1453.80 0
1454.20 2
1454.60 2
1455.00 0
1455.40 0
1455.80 0
1456.20 0
1456.60 2
1457.00 4
1457.40 1
1457.80 12
1458.20 13
1458.60 29
1459.00 37
1459.40 60
1459.80 86
1460.20 144
1460.60 107
1461.00 104
1461.40 74
1461.80 55
1462.20 34
1462.60 20
1463.00 10
1463.40 6
1463.80 5
1464.20 1
1464.60 1
1465.00 0
1465.40 0
1465.80 0
1466.20 1
1466.60 1
1467.00 1
1467.40 0
1467.80 2
1468.20 1
1468.60 0
1469.00 0
1469.40 0
1469.80 0
1470.20 1
1470.60 1
1471.00 0
1471.40 0
1471.80 0
1472.20 0
1472.60 0
1473.00 0
1473.40 0
1473.80 2
1474.20 1
1474.60 1
1475.00 1
1475.40 0
1475.80 0
1476.20 0
1476.60 0
1477.00 0
1477.40 0
1477.80 1
1478.20 0
1478.60 0
1479.00 1
1479.40 1
1479.80 0
1480.20 1
1480.60 0
1481.00 1
1481.40 0
1481.80 0
1482.20 0
1482.60 1
1483.00 0
1483.40 0
1483.80 0
1484.20 0
1484.60 0
1485.00 0
1485.40 0
1485.80 0
1486.20 1
1486.60 0
1487.00 0
1487.40 0
1487.80 0
1488.20 1
1488.60 1
1489.00 2
1489.40 1
1489.80 0
1490.20 2
1490.60 1
1491.00 0
1491.40 1
1491.80 0
1492.20 0
1492.60 1
1493.00 2
1493.40 0
1493.80 0
1494.20 0
1494.60 0
1495.00 0
1495.40 0
1495.80 1
1496.20 1
1496.60 0
1497.00 0
1497.40 0
1497.80 0
1498.20 1
1498.60 0
1499.00 0
1499.40 0
1499.80 0
1500.20 0
1500.60 1
1501.00 0
1501.40 1
1501.80 0
1502.20 1
1502.60 0
1503.00 0
1503.40 1
1503.80 0
1504.20 0
1504.60 0
1505.00 0
1505.40 1
1505.80 1
1506.20 1
1506.60 0
1507.00 1
1507.40 1
1507.80 2
1508.20 1
1508.60 1
1509.00 0
1509.40 0
1509.80 1
1510.20 0
1510.60 1
1511.00 0
1511.40 0
1511.80 0
1512.20 1
1512.60 0
1513.00 0
1513.40 1
1513.80 0
1514.20 2
1514.60 0
1515.00 1
1515.40 0
1515.80 0
1516.20 2
1516.60 1
1517.00 0
1517.40 0
1517.80 0
1518.20 1
1518.60 0
1519.00 0
1519.40 1
1519.80 0
1520.20 1
1520.60 0
1521.00 2
1521.40 0
1521.80 0
1522.20 0
1522.60 0
1523.00 0
1523.40 0
1523.80 0
1524.20 2
1524.60 0
1525.00 0
1525.40 0
1525.80 0
1526.20 0
1526.60 1
1527.00 1
1527.40 0
1527.80 1
1528.20 0
1528.60 0
1529.00 0
1529.40 1
1529.80 0
1530.20 0
1530.60 1
1531.00 0
1531.40 1
1531.80 0
1532.20 1
1532.60 0
1533.00 0
1533.40 0
1533.80 0
1534.20 0
1534.60 1
1535.00 0
1535.40 0
1535.80 2
1536.20 0
1536.60 1
1537.00 0
1537.40 2
1537.80 0
1538.20 0
1538.60 1
1539.00 0
1539.40 2
1539.80 0
1540.20 0
1540.60 1
1541.00 0
1541.40 1
1541.80 1
1542.20 4
1542.60 1
1543.00 2
1543.40 2
1543.80 2
1544.20 0
1544.60 2
1545.00 1
1545.40 0
1545.80 0
1546.20 0
1546.60 0
1547.00 2
1547.40 1
1547.80 1
1548.20 0
1548.60 1
1549.00 0
1549.40 0
1549.80 0
1550.20 0
1550.60 0
1551.00 0
1551.40 1
1551.80 0
1552.20 0
1552.60 1
1553.00 1
1553.40 0
1553.80 0
1554.20 0
1554.60 0
1555.00 0
1555.40 0
1555.80 0
1556.20 0
1556.60 0
1557.00 0
1557.40 0
1557.80 0
1558.20 0
1558.60 1
1559.00 1
1559.40 0
1559.80 0
1560.20 1
1560.60 1
1561.00 0
1561.40 1
1561.80 0
1562.20 0
1562.60 0
1563.00 1
1563.40 1
1563.80 0
1564.20 0
1564.60 1
1565.00 0
1565.40 0
1565.80 0
1566.20 0
1566.60 0
1567.00 0
1567.40 1
1567.80 2
1568.20 1
1568.60 1
1569.00 1
1569.40 1
1569.80 0
1570.20 2
1570.60 1
1571.00 0
1571.40 0
1571.80 1
1572.20 0
1572.60 0
1573.00 0
1573.40 2
1573.80 0
1574.20 0
1574.60 0
1575.00 1
1575.40 0
1575.80 0
1576.20 0
1576.60 0
1577.00 1
1577.40 0
1577.80 0
1578.20 0
1578.60 0
1579.00 1
1579.40 1
1579.80 2
1580.20 0
1580.60 1
1581.00 1
1581.40 1
1581.80 1
1582.20 0
1582.60 1
1583.00 2
1583.40 0
1583.80 1
1584.20 1
1584.60 0
1585.00 1
1585.40 1
1585.80 1
1586.20 2
1586.60 1
1587.00 0
1587.40 1
1587.80 0
1588.20 1
1588.60 1
1589.00 0
1589.40 1
1589.80 0
1590.20 0
1590.60 0
1591.00 1
1591.40 1
1591.80 0
1592.20 0
1592.60 0
1593.00 0
1593.40 0
1593.80 0
1594.20 1
1594.60 0
1595.00 1
1595.40 0
1595.80 0
1596.20 0
1596.60 0
1597.00 0
1597.40 0
1597.80 0
1598.20 0
1598.60 1
1599.00 1
1599.40 2
1599.80 0
1600.20 1
1600.60 0
1601.00 0
1601.40 0
1601.80 0
1602.20 0
1602.60 0
1603.00 0
1603.40 0
1603.80 0
1604.20 0
1604.60 2
1605.00 1
1605.40 0
1605.80 0
1606.20 1
1606.60 0
1607.00 0
1607.40 2
1607.80 0
1608.20 0
1608.60 0
1609.00 0
1609.40 0
1609.80 0
1610.20 0
1610.60 0
1611.00 0
1611.40 0
1611.80 0
1612.20 0
1612.60 0
1613.00 0
1613.40 0
1613.80 2
1614.20 0
1614.60 1
1615.00 0
1615.40 1
1615.80 1
1616.20 0
1616.60 0
1617.00 0
1617.40 0
1617.80 0
1618.20 0
1618.60 0
1619.00 0
1619.40 0
1619.80 0
1620.20 1
1620.60 0
1621.00 0
1621.40 0
1621.80 1
1622.20 0
1622.60 0
1623.00 0
1623.40 0
1623.80 1
1624.20 1
1624.60 0
1625.00 0
1625.40 0
1625.80 0
1626.20 1
1626.60 0
1627.00 0
1627.40 0
1627.80 0
1628.20 0
1628.60 1
1629.00 1
1629.40 0
1629.80 0
1630.20 0
1630.60 0
1631.00 1
1631.40 0
1631.80 0
1632.20 1
1632.60 0
1633.00 0
1633.40 0
1633.80 0
1634.20 0
1634.60 0
1635.00 0
1635.40 0
1635.80 0
1636.20 1
1636.60 0
1637.00 1
1637.40 0
1637.80 1
1638.20 0
1638.60 0
1639.00 0
1639.40 1
1639.80 1
1640.20 1
1640.60 2
1641.00 1
1641.40 0
1641.80 0
1642.20 0
1642.60 0
1643.00 0
1643.40 0
1643.80 2
1644.20 0
1644.60 0
1645.00 0
1645.40 0
1645.80 0
1646.20 0
1646.60 0
1647.00 0
1647.40 0
1647.80 3
1648.20 0
1648.60 0
1649.00 0
1649.40 0
1649.80 0
1650.20 1
1650.60 0
1651.00 0
1651.40 0
1651.80 1
1652.20 0
1652.60 1
1653.00 0
1653.40 0
1653.80 1
1654.20 0
1654.60 0
1655.00 1
1655.40 1
1655.80 0
1656.20 0
1656.60 0
1657.00 0
1657.40 1
1657.80 0
1658.20 0
1658.60 0
1659.00 0
1659.40 0
1659.80 0
1660.20 2
1660.60 0
1661.00 1
1661.40 1
1661.80 0
1662.20 0
1662.60 0
1663.00 0
1663.40 0
1663.80 1
1664.20 1
1664.60 0
1665.00 0
1665.40 2
1665.80 2
1666.20 1
1666.60 0
1667.00 0
1667.40 0
1667.80 0
1668.20 0
1668.60 0
1669.00 0
1669.40 0
1669.80 0
1670.20 0
1670.60 0
1671.00 0
1671.40 1
1671.80 0
1672.20 0
1672.60 0
1673.00 0
1673.40 0
1673.80 1
1674.20 0
1674.60 0
1675.00 1
1675.40 0
1675.80 0
1676.20 0
1676.60 0
1677.00 0
1677.40 0
1677.80 0
1678.20 0
1678.60 0
1679.00 1
1679.40 0
1679.80 0
1680.20 0
1680.60 0
1681.00 0
1681.40 1
1681.80 1
1682.20 0
1682.60 0
1683.00 0
1683.40 0
1683.80 0
1684.20 0
1684.60 1
1685.00 0
1685.40 0
1685.80 0
1686.20 0
1686.60 0
1687.00 0
1687.40 0
1687.80 0
1688.20 0
1688.60 0
1689.00 0
1689.40 0
1689.80 0
1690.20 0
1690.60 0
1691.00 0
1691.40 1
1691.80 0
1692.20 0
1692.60 1
1693.00 0
1693.40 0
1693.80 0
1694.20 0
1694.60 0
1695.00 0
1695.40 0
1695.80 0
1696.20 1
1696.60 2
1697.00 0
1697.40 2
1697.80 0
1698.20 0
1698.60 0
1699.00 0
1699.40 0
1699.80 0
1700.20 0
1700.60 0
1701.00 0
1701.40 0
1701.80 0
1702.20 0
1702.60 0
1703.00 0
1703.40 0
1703.80 1
1704.20 0
1704.60 0
1705.00 0
1705.40 0
1705.80 0
1706.20 0
1706.60 1
1707.00 3
1707.40 0
1707.80 0
1708.20 0
1708.60 1
1709.00 0
1709.40 0
1709.80 0
1710.20 0
1710.60 0
1711.00 0
1711.40 0
1711.80 0
1712.20 0
1712.60 0
1713.00 0
1713.40 0
1713.80 0
1714.20 0
1714.60 0
1715.00 0
1715.40 1
1715.80 0
1716.20 0
1716.60 0
1717.00 0
1717.40 0
1717.80 0
1718.20 0
1718.60 1
1719.00 0
1719.40 0
1719.80 1
1720.20 0
1720.60 0
1721.00 0
1721.40 0
1721.80 0
1722.20 0
1722.60 0
1723.00 0
1723.40 0
1723.80 0
1724.20 1
1724.60 0
1725.00 0
1725.40 0
1725.80 0
1726.20 0
1726.60 0
1727.00 0
1727.40 2
1727.80 4
1728.20 1
1728.60 0
1729.00 2
1729.40 2
1729.80 1
1730.20 3
1730.60 0
1731.00 2
1731.40 1
1731.80 0
1732.20 0
1732.60 0
1733.00 1
1733.40 0
1733.80 0
1734.20 0
1734.60 1
1735.00 1
1735.40 0
1735.80 0
1736.20 2
1736.60 0
1737.00 0
1737.40 0
1737.80 0
1738.20 0
1738.60 0
1739.00 0
1739.40 0
1739.80 0
1740.20 0
1740.60 0
1741.00 0
1741.40 0
1741.80 0
1742.20 0
1742.60 0
1743.00 0
1743.40 0
1743.80 0
1744.20 2
1744.60 0
1745.00 0
1745.40 0
1745.80 0
1746.20 0
1746.60 0
1747.00 0
1747.40 1
1747.80 0
1748.20 0
1748.60 0
1749.00 0
1749.40 0
1749.80 1
1750.20 0
1750.60 0
1751.00 0
1751.40 0
1751.80 0
1752.20 0
1752.60 1
1753.00 0
1753.40 0
1753.80 0
1754.20 0
1754.60 0
1755.00 0
1755.40 0
1755.80 1
1756.20 1
1756.60 0
1757.00 0
1757.40 0
1757.80 0
1758.20 3
1758.60 0
1759.00 0
1759.40 0
1759.80 0
1760.20 0
1760.60 0
1761.00 0
1761.40 1
1761.80 2
1762.20 2
1762.60 1
1763.00 1
1763.40 2
1763.80 7
1764.20 5
1764.60 8
1765.00 6
1765.40 1
1765.80 1
1766.20 2
1766.60 1
1767.00 0
1767.40 1
1767.80 1
1768.20 0
1768.60 0
1769.00 0
1769.40 0
1769.80 0
1770.20 0
1770.60 0
1771.00 0
1771.40 0
1771.80 0
1772.20 0
1772.60 0
1773.00 0
1773.40 1
1773.80 0
1774.20 0
1774.60 0
1775.00 0
1775.40 0
1775.80 0
1776.20 0
1776.60 1
1777.00 1
1777.40 0
1777.80 1
1778.20 0
1778.60 0
1779.00 0
1779.40 0
1779.80 0
1780.20 0
1780.60 0
1781.00 0
1781.40 0
1781.80 0
1782.20 0
1782.60 0
1783.00 1
1783.40 0
1783.80 0
1784.20 0
1784.60 0
1785.00 0
1785.40 0
1785.80 1
1786.20 0
1786.60 0
1787.00 0
1787.40 0
1787.80 0
1788.20 0
1788.60 0
1789.00 0
1789.40 0
1789.80 0
1790.20 0
1790.60 0
1791.00 0
1791.40 0
1791.80 1
1792.20 1
1792.60 1
1793.00 0
1793.40 0
1793.80 0
1794.20 0
1794.60 1
1795.00 0
1795.40 0
1795.80 0
1796.20 0
1796.60 0
1797.00 0
1797.40 0
1797.80 0
1798.20 0
1798.60 0
1799.00 0
1799.40 0
1799.80 0
1800.20 0
1800.60 0
1801.00 0
1801.40 1
1801.80 0
1802.20 0
1802.60 0
1803.00 0
1803.40 0
1803.80 0
1804.20 0
1804.60 0
1805.00 0
1805.40 0
1805.80 0
1806.20 2
1806.60 0
1807.00 0
1807.40 0
1807.80 0
1808.20 1
1808.60 0
1809.00 0
1809.40 0
1809.80 0
1810.20 0
1810.60 0
1811.00 0
1811.40 0
1811.80 0
1812.20 0
1812.60 1
1813.00 0
1813.40 0
1813.80 0
1814.20 0
1814.60 0
1815.00 0
1815.40 1
1815.80 0
1816.20 0
1816.60 1
1817.00 0
1817.40 0
1817.80 0
1818.20 0
1818.60 0
1819.00 0
1819.40 0
1819.80 0
1820.20 0
1820.60 0
1821.00 0
1821.40 0
1821.80 0
1822.20 0
1822.60 0
1823.00 0
1823.40 0
1823.80 0
1824.20 0
1824.60 0
1825.00 0
1825.40 0
1825.80 0
1826.20 0
1826.60 0
1827.00 0
1827.40 0
1827.80 0
1828.20 0
1828.60 1
1829.00 0
1829.40 0
1829.80 0
1830.20 0
1830.60 0
1831.00 1
1831.40 0
1831.80 1
1832.20 1
1832.60 0
1833.00 0
1833.40 1
1833.80 5
1834.20 4
1834.60 5
1835.00 7
1835.40 14
1835.80 7
1836.20 7
1836.60 12
1837.00 11
1837.40 4
1837.80 5
1838.20 4
1838.60 2
1839.00 1
1839.40 1
1839.80 0
1840.20 0
1840.60 0
1841.00 0
1841.40 0
1841.80 0
1842.20 0
1842.60 0
1843.00 0
1843.40 0
1843.80 0
1844.20 0
1844.60 0
1845.00 0
1845.40 2
1845.80 0
1846.20 0
1846.60 0
1847.00 0
1847.40 1
1847.80 0
1848.20 0
1848.60 2
1849.00 1
1849.40 1
1849.80 1
1850.20 0
1850.60 0
1851.00 0
1851.40 0
1851.80 0
1852.20 0
1852.60 0
1853.00 0
1853.40 0
1853.80 0
1854.20 1
1854.60 0
1855.00 0
1855.40 0
1855.80 0
1856.20 0
1856.60 0
1857.00 0
1857.40 0
1857.80 0
1858.20 0
1858.60 0
1859.00 0
1859.40 0
1859.80 0
1860.20 0
1860.60 1
1861.00 0
1861.40 1
1861.80 0
1862.20 1
1862.60 0
1863.00 0
1863.40 0
1863.80 0
1864.20 0
1864.60 0
1865.00 1
1865.40 2
1865.80 0
1866.20 0
1866.60 0
1867.00 0
1867.40 1
1867.80 0
1868.20 0
1868.60 0
1869.00 0
1869.40 1
1869.80 0
1870.20 0
1870.60 1
1871.00 0
1871.40 0
1871.80 0
1872.20 1
1872.60 0
1873.00 0
1873.40 1
1873.80 1
1874.20 1
1874.60 0
1875.00 0
1875.40 0
1875.80 0
1876.20 0
1876.60 0
1877.00 0
1877.40 0
1877.80 0
1878.20 1
1878.60 0
1879.00 0
1879.40 0
1879.80 0
1880.20 1
1880.60 0
1881.00 0
1881.40 1
1881.80 0
1882.20 1
1882.60 0
1883.00 0
1883.40 0
1883.80 0
1884.20 0
1884.60 0
1885.00 0
1885.40 1
1885.80 0
1886.20 0
1886.60 0
1887.00 0
1887.40 0
1887.80 0
1888.20 0
1888.60 0
1889.00 0
1889.40 0
1889.80 1
1890.20 0
1890.60 0
1891.00 0
1891.40 1
1891.80 0
1892.20 0
1892.60 0
1893.00 0
1893.40 0
1893.80 0
1894.20 0
1894.60 0
1895.00 0
1895.40 0
1895.80 0
1896.20 1
1896.60 0
1897.00 0
1897.40 0
1897.80 1
1898.20 0
1898.60 0
1899.00 0
1899.40 0
1899.80 0
1900.20 0
1900.60 0
1901.00 0
1901.40 0
1901.80 0
1902.20 1
1902.60 0
1903.00 0
1903.40 0
1903.80 0
1904.20 0
1904.60 0
1905.00 0
1905.40 0
1905.80 0
1906.20 0
1906.60 0
1907.00 0
1907.40 0
1907.80 0
1908.20 1
1908.60 0
1909.00 0
1909.40 0
1909.80 0
1910.20 0
1910.60 0
1911.00 1
1911.40 0
1911.80 0
1912.20 0
1912.60 0
1913.00 0
1913.40 0
1913.80 0
1914.20 0
1914.60 0
1915.00 0
1915.40 0
1915.80 0
1916.20 0
1916.60 0
1917.00 0
1917.40 1
1917.80 0
1918.20 0
1918.60 0
1919.00 0
1919.40 1
1919.80 0
1920.20 0
1920.60 0
1921.00 0
1921.40 0
1921.80 0
1922.20 1
1922.60 0
1923.00 1
1923.40 0
1923.80 0
1924.20 0
1924.60 0
1925.00 0
1925.40 0
1925.80 2
1926.20 0
1926.60 1
1927.00 0
1927.40 0
1927.80 1
1928.20 0
1928.60 0
1929.00 2
1929.40 0
1929.80 0
1930.20 0
1930.60 0
1931.00 0
1931.40 0
1931.80 0
1932.20 0
1932.60 0
1933.00 0
1933.40 0
1933.80 0
1934.20 0
1934.60 0
1935.00 0
1935.40 0
1935.80 0
1936.20 0
1936.60 0
1937.00 0
1937.40 0
1937.80 0
1938.20 0
1938.60 0
1939.00 0
1939.40 0
1939.80 1
1940.20 0
1940.60 0
1941.00 0
1941.40 1
1941.80 1
1942.20 0
1942.60 2
1943.00 0
1943.40 0
1943.80 0
1944.20 0
1944.60 1
1945.00 0
1945.40 0
1945.80 0
1946.20 0
1946.60 0
1947.00 0
1947.40 0
1947.80 0
1948.20 1
1948.60 0
1949.00 0
1949.40 0
1949.80 0
1950.20 2
1950.60 0
1951.00 1
1951.40 0
1951.80 0
1952.20 1
1952.60 0
1953.00 0
1953.40 0
1953.80 0
1954.20 0
1954.60 0
1955.00 0
1955.40 0
1955.80 0
1956.20 0
1956.60 0
1957.00 0
1957.40 1
1957.80 0
1958.20 0
1958.60 0
1959.00 0
1959.40 0
1959.80 0
1960.20 0
1960.60 0
1961.00 0
1961.40 0
1961.80 0
1962.20 0
1962.60 0
1963.00 1
1963.40 0
1963.80 1
1964.20 0
1964.60 0
1965.00 0
1965.40 0
1965.80 0
1966.20 0
1966.60 0
1967.00 0
1967.40 0
1967.80 0
1968.20 0
1968.60 0
1969.00 0
1969.40 0
1969.80 1
1970.20 0
1970.60 0
1971.00 0
1971.40 0
1971.80 1
1972.20 0
1972.60 0
1973.00 0
1973.40 0
1973.80 0
1974.20 0
1974.60 0
1975.00 1
1975.40 0
1975.80 0
1976.20 0
1976.60 1
1977.00 0
1977.40 0
1977.80 0
1978.20 0
1978.60 0
1979.00 1
1979.40 1
1979.80 0
1980.20 0
1980.60 1
1981.00 0
1981.40 0
1981.80 0
1982.20 1
1982.60 0
1983.00 0
1983.40 0
1983.80 0
1984.20 0
1984.60 0
1985.00 0
1985.40 1
1985.80 0
1986.20 0
1986.60 0
1987.00 0
1987.40 0
1987.80 1
1988.20 0
1988.60 0
1989.00 0
1989.40 1
1989.80 0
1990.20 0
1990.60 0
1991.00 0
1991.40 0
1991.80 0
1992.20 0
1992.60 0
1993.00 0
1993.40 0
1993.80 0
1994.20 0
1994.60 1
1995.00 0
1995.40 0
1995.80 0
1996.20 0
1996.60 0
1997.00 0
1997.40 0
1997.80 0
1998.20 0
1998.60 0
1999.00 0
1999.40 0
1999.80 0
2000.20 0
2000.60 0
2001.00 0
2001.40 0
2001.80 1
2002.20 0
2002.60 1
2003.00 0
2003.40 0
2003.80 0
2004.20 0
2004.60 0
2005.00 0
2005.40 0
2005.80 0
2006.20 0
2006.60 0
2007.00 0
2007.40 0
2007.80 0
2008.20 0
2008.60 0
2009.00 0
2009.40 0
2009.80 0
2010.20 0
2010.60 0
2011.00 1
2011.40 0
2011.80 0
2012.20 0
2012.60 0
2013.00 0
2013.40 0
2013.80 0
2014.20 0
2014.60 0
2015.00 0
2015.40 0
2015.80 0
2016.20 0
2016.60 0
2017.00 0
2017.40 0
2017.80 0
2018.20 0
2018.60 0
2019.00 0
2019.40 0
2019.80 0
2020.20 0
2020.60 0
2021.00 0
2021.40 0
2021.80 0
2022.20 0
2022.60 0
2023.00 0
2023.40 0
2023.80 0
2024.20 0
2024.60 0
2025.00 0
2025.40 0
2025.80 0
2026.20 0
2026.60 0
2027.00 0
2027.40 0
2027.80 0
2028.20 0
2028.60 0
2029.00 0
2029.40 1
2029.80 0
2030.20 0
2030.60 0
2031.00 0
2031.40 0
2031.80 0
2032.20 0
2032.60 0
2033.00 1
2033.40 0
2033.80 0
2034.20 0
2034.60 0
2035.00 2
2035.40 0
2035.80 0
2036.20 0
2036.60 0
2037.00 0
2037.40 0
2037.80 0
2038.20 0
2038.60 1
2039.00 0
2039.40 0
2039.80 0
2040.20 0
2040.60 1
2041.00 1
2041.40 1
2041.80 0
2042.20 0
2042.60 0
2043.00 0
2043.40 0
2043.80 0
2044.20 0
2044.60 0
2045.00 0
2045.40 0
2045.80 0
2046.20 0
2046.60 0
2047.00 0
2047.40 0
2047.80 0
2048.20 0
2048.60 0
2049.00 0
2049.40 0
2049.80 0
2050.20 0
2050.60 0
2051.00 0
2051.40 0
2051.80 0
2052.20 0
2052.60 0
2053.00 0
2053.40 0
2053.80 0
2054.20 0
2054.60 0
2055.00 0
2055.40 0
2055.80 0
2056.20 0
2056.60 0
2057.00 0
2057.40 0
2057.80 0
2058.20 1
2058.60 0
2059.00 0
2059.40 0
2059.80 1
2060.20 0
2060.60 1
2061.00 0
2061.40 0
2061.80 0
2062.20 0
2062.60 0
2063.00 1
2063.40 0
2063.80 0
2064.20 0
2064.60 0
2065.00 0
2065.40 0
2065.80 0
2066.20 1
2066.60 0
2067.00 0
2067.40 0
2067.80 1
2068.20 0
2068.60 0
2069.00 0
2069.40 0
2069.80 1
2070.20 0
2070.60 1
2071.00 2
2071.40 0
2071.80 0
2072.20 0
2072.60 0
2073.00 0
2073.40 0
2073.80 1
2074.20 0
2074.60 0
2075.00 0
2075.40 0
2075.80 0
2076.20 0
2076.60 0
2077.00 0
2077.40 0
2077.80 1
2078.20 0
2078.60 0
2079.00 0
2079.40 0
2079.80 0
2080.20 0
2080.60 0
2081.00 0
2081.40 0
2081.80 0
2082.20 0
2082.60 0
2083.00 0
2083.40 0
2083.80 0
2084.20 0
2084.60 0
2085.00 1
2085.40 0
2085.80 0
2086.20 0
2086.60 0
2087.00 0
2087.40 0
2087.80 0
2088.20 0
2088.60 0
2089.00 0
2089.40 0
2089.80 0
2090.20 0
2090.60 0
2091.00 0
2091.40 0
2091.80 0
2092.20 0
2092.60 0
2093.00 0
2093.40 0
2093.80 0
2094.20 0
2094.60 0
2095.00 0
2095.40 0
2095.80 0
2096.20 1
2096.60 0
2097.00 0
2097.40 0
2097.80 0
2098.20 0
2098.60 0
2099.00 0
2099.40 0
2099.80 0
2100.20 1
2100.60 0
2101.00 1
2101.40 0
2101.80 0
2102.20 2
2102.60 0
2103.00 0
2103.40 1
2103.80 1
2104.20 1
2104.60 0
2105.00 0
2105.40 0
2105.80 0
2106.20 0
2106.60 0
2107.00 0
2107.40 0
2107.80 1
2108.20 0
2108.60 0
2109.00 0
2109.40 0
2109.80 0
2110.20 1
2110.60 0
2111.00 0
2111.40 0
2111.80 0
2112.20 0
2112.60 0
2113.00 1
2113.40 0
2113.80 0
2114.20 0
2114.60 0
2115.00 0
2115.40 0
2115.80 0
2116.20 1
2116.60 0
2117.00 0
2117.40 0
2117.80 3
2118.20 0
2118.60 0
2119.00 0
2119.40 0
2119.80 0
2120.20 1
2120.60 0
2121.00 0
2121.40 0
2121.80 0
2122.20 0
2122.60 1
2123.00 0
2123.40 0
2123.80 0
2124.20 0
2124.60 0
2125.00 1
2125.40 0
2125.80 0
2126.20 0
2126.60 0
2127.00 2
2127.40 0
2127.80 0
2128.20 0
2128.60 0
2129.00 0
2129.40 0
2129.80 1
2130.20 0
2130.60 0
2131.00 0
2131.40 0
2131.80 0
2132.20 0
2132.60 0
2133.00 0
2133.40 1
2133.80 0
2134.20 0
2134.60 0
2135.00 0
2135.40 0
2135.80 0
2136.20 0
2136.60 0
2137.00 1
2137.40 0
2137.80 1
2138.20 0
2138.60 0
2139.00 0
2139.40 0
2139.80 0
2140.20 0
2140.60 0
2141.00 0
2141.40 0
2141.80 0
2142.20 0
2142.60 0
2143.00 0
2143.40 0
2143.80 0
2144.20 0
2144.60 0
2145.00 1
2145.40 0
2145.80 0
2146.20 0
2146.60 0
2147.00 1
2147.40 0
2147.80 0
2148.20 0
2148.60 0
2149.00 0
2149.40 0
2149.80 1
2150.20 0
2150.60 0
2151.00 0
2151.40 0
2151.80 1
2152.20 0
2152.60 0
2153.00 0
2153.40 0
2153.80 0
2154.20 0
2154.60 0
2155.00 0
2155.40 0
2155.80 0
2156.20 0
2156.60 0
2157.00 2
2157.40 0
2157.80 0
2158.20 0
2158.60 0
2159.00 1
2159.40 0
2159.80 0
2160.20 0
2160.60 0
2161.00 0
2161.40 0
2161.80 0
2162.20 0
2162.60 0
2163.00 0
2163.40 0
2163.80 0
2164.20 0
2164.60 0
2165.00 0
2165.40 0
2165.80 0
2166.20 1
2166.60 0
2167.00 0
2167.40 0
2167.80 0
2168.20 1
2168.60 1
2169.00 0
2169.40 0
2169.80 0
2170.20 2
2170.60 0
2171.00 1
2171.40 0
2171.80 0
2172.20 0
2172.60 0
2173.00 0
2173.40 0
2173.80 0
2174.20 0
2174.60 0
2175.00 1
2175.40 0
2175.80 0
2176.20 1
2176.60 0
2177.00 0
2177.40 0
2177.80 0
2178.20 0
2178.60 0
2179.00 1
2179.40 0
2179.80 0
2180.20 0
2180.60 0
2181.00 0
2181.40 0
2181.80 0
2182.20 0
2182.60 1
2183.00 1
2183.40 0
2183.80 0
2184.20 0
2184.60 0
2185.00 0
2185.40 0
2185.80 0
2186.20 0
2186.60 0
2187.00 0
2187.40 0
2187.80 0
2188.20 1
2188.60 0
2189.00 1
2189.40 0
2189.80 1
2190.20 0
2190.60 1
2191.00 0
2191.40 0
2191.80 0
2192.20 0
2192.60 0
2193.00 0
2193.40 0
2193.80 0
2194.20 1
2194.60 0
2195.00 0
2195.40 2
2195.80 0
2196.20 0
2196.60 0
2197.00 1
2197.40 0
2197.80 0
2198.20 0
2198.60 0
2199.00 1
2199.40 0
2199.80 0
2200.20 0
2200.60 0
2201.00 0
2201.40 0
2201.80 0
2202.20 0
2202.60 0
2203.00 1
2203.40 1
2203.80 3
2204.20 0
2204.60 0
2205.00 0
2205.40 2
2205.80 1
2206.20 0
2206.60 0
2207.00 1
2207.40 0
2207.80 0
2208.20 0
2208.60 0
2209.00 0
2209.40 0
2209.80 0
2210.20 0
2210.60 0
2211.00 0
2211.40 0
2211.80 0
2212.20 0
2212.60 0
2213.00 0
2213.40 0
2213.80 0
2214.20 0
2214.60 0
2215.00 0
2215.40 1
2215.80 0
2216.20 1
2216.60 0
2217.00 1
2217.40 0
2217.80 0
2218.20 0
2218.60 0
2219.00 0
2219.40 0
2219.80 0
2220.20 0
2220.60 0
2221.00 0
2221.40 0
2221.80 0
2222.20 0
2222.60 1
2223.00 0
2223.40 0
2223.80 0
2224.20 0
2224.60 0
2225.00 0
2225.40 0
2225.80 1
2226.20 0
2226.60 0
2227.00 0
2227.40 0
2227.80 0
2228.20 0
2228.60 0
2229.00 0
2229.40 0
2229.80 0
2230.20 0
2230.60 0
2231.00 1
2231.40 0
2231.80 0
2232.20 0
2232.60 0
2233.00 0
2233.40 0
2233.80 1
2234.20 0
2234.60 0
2235.00 0
2235.40 0
2235.80 0
2236.20 0
2236.60 0
2237.00 1
2237.40 0
2237.80 0
2238.20 0
2238.60 0
2239.00 0
2239.40 0
2239.80 0
2240.20 0
2240.60 0
2241.00 0
2241.40 1
2241.80 0
2242.20 0
2242.60 0
2243.00 0
2243.40 0
2243.80 0
2244.20 0
2244.60 0
2245.00 0
2245.40 0
2245.80 0
2246.20 0
2246.60 0
2247.00 1
2247.40 0
2247.80 0
2248.20 0
2248.60 0
2249.00 0
2249.40 0
2249.80 0
2250.20 0
2250.60 0
2251.00 1
2251.40 0
2251.80 0
2252.20 0
2252.60 0
2253.00 0
2253.40 0
2253.80 1
2254.20 0
2254.60 0
2255.00 0
2255.40 0
2255.80 0
2256.20 0
2256.60 1
2257.00 0
2257.40 0
2257.80 0
2258.20 0
2258.60 1
2259.00 0
2259.40 0
2259.80 0
2260.20 0
2260.60 1
2261.00 0
2261.40 0
2261.80 0
2262.20 2
2262.60 0
2263.00 0
2263.40 0
2263.80 1
2264.20 0
2264.60 0
2265.00 0
2265.40 0
2265.80 1
2266.20 0
2266.60 0
2267.00 0
2267.40 0
2267.80 0
2268.20 0
2268.60 0
2269.00 0
2269.40 0
2269.80 0
2270.20 0
2270.60 0
2271.00 0
2271.40 0
2271.80 0
2272.20 1
2272.60 0
2273.00 0
2273.40 0
2273.80 1
2274.20 0
2274.60 0
2275.00 0
2275.40 0
2275.80 0
2276.20 0
2276.60 0
2277.00 0
2277.40 0
2277.80 0
2278.20 0
2278.60 1
2279.00 0
2279.40 0
2279.80 0
2280.20 0
2280.60 1
2281.00 0
2281.40 1
2281.80 0
2282.20 0
2282.60 0
2283.00 0
2283.40 0
2283.80 0
2284.20 0
2284.60 0
2285.00 0
2285.40 0
2285.80 0
2286.20 0
2286.60 1
2287.00 0
2287.40 1
2287.80 0
2288.20 0
2288.60 1
2289.00 0
2289.40 0
2289.80 1
2290.20 0
2290.60 0
2291.00 0
2291.40 0
2291.80 0
2292.20 0
2292.60 0
2293.00 0
2293.40 0
2293.80 0
2294.20 0
2294.60 0
2295.00 0
2295.40 0
2295.80 0
2296.20 0
2296.60 0
2297.00 0
2297.40 0
2297.80 1
2298.20 0
2298.60 0
2299.00 0
2299.40 0
2299.80 0
2300.20 1
2300.60 0
2301.00 1
2301.40 0
2301.80 0
2302.20 0
2302.60 0
2303.00 0
2303.40 0
2303.80 0
2304.20 0
2304.60 0
2305.00 0
2305.40 0
2305.80 0
2306.20 0
2306.60 0
2307.00 0
2307.40 0
2307.80 0
2308.20 0
2308.60 0
2309.00 0
2309.40 0
2309.80 0
2310.20 0
2310.60 1
2311.00 1
2311.40 0
2311.80 0
2312.20 0
2312.60 0
2313.00 1
2313.40 0
2313.80 0
2314.20 0
2314.60 1
2315.00 0
2315.40 0
2315.80 0
2316.20 0
2316.60 0
2317.00 0
2317.40 0
2317.80 0
2318.20 0
2318.60 0
2319.00 0
2319.40 0
2319.80 0
2320.20 0
2320.60 0
2321.00 0
2321.40 0
2321.80 0
2322.20 0
2322.60 0
2323.00 0
2323.40 0
2323.80 0
2324.20 0
2324.60 2
2325.00 0
2325.40 1
2325.80 0
2326.20 0
2326.60 0
2327.00 0
2327.40 0
2327.80 2
2328.20 0
2328.60 0
2329.00 0
2329.40 0
2329.80 0
2330.20 0
2330.60 0
2331.00 1
2331.40 0
2331.80 0
2332.20 0
2332.60 0
2333.00 0
2333.40 0
2333.80 0
2334.20 0
2334.60 0
2335.00 0
2335.40 0
2335.80 1
2336.20 0
2336.60 0
2337.00 0
2337.40 0
2337.80 0
2338.20 0
2338.60 0
2339.00 0
2339.40 0
2339.80 0
2340.20 0
2340.60 0
2341.00 0
2341.40 0
2341.80 0
2342.20 0
2342.60 0
2343.00 0
2343.40 0
2343.80 0
2344.20 0
2344.60 0
2345.00 0
2345.40 0
2345.80 0
2346.20 0
2346.60 0
2347.00 0
2347.40 0
2347.80 0
2348.20 0
2348.60 0
2349.00 0
2349.40 0
2349.80 0
2350.20 0
2350.60 0
2351.00 0
2351.40 1
2351.80 0
2352.20 0
2352.60 0
2353.00 0
2353.40 0
2353.80 0
2354.20 0
2354.60 0
2355.00 0
2355.40 1
2355.80 0
2356.20 0
2356.60 0
2357.00 1
2357.40 0
2357.80 0
2358.20 0
2358.60 0
2359.00 0
2359.40 0
2359.80 0
2360.20 0
2360.60 0
2361.00 0
2361.40 0
2361.80 1
2362.20 0
2362.60 0
2363.00 1
2363.40 0
2363.80 0
2364.20 0
2364.60 0
2365.00 0
2365.40 0
2365.80 0
2366.20 0
2366.60 0
2367.00 1
2367.40 0
2367.80 0
2368.20 0
2368.60 0
2369.00 0
2369.40 0
2369.80 0
2370.20 0
2370.60 0
2371.00 0
2371.40 0
2371.80 0
2372.20 0
2372.60 0
2373.00 1
2373.40 0
2373.80 0
2374.20 0
2374.60 0
2375.00 0
2375.40 0
2375.80 1
2376.20 0
2376.60 0
2377.00 0
2377.40 0
2377.80 0
2378.20 0
2378.60 1
2379.00 0
2379.40 0
2379.80 0
2380.20 0
2380.60 0
2381.00 0
2381.40 1
2381.80 0
2382.20 0
2382.60 0
2383.00 0
2383.40 0
2383.80 0
2384.20 0
2384.60 0
2385.00 0
2385.40 0
2385.80 0
2386.20 0
2386.60 0
2387.00 0
2387.40 0
2387.80 1
2388.20 0
2388.60 0
2389.00 0
2389.40 0
2389.80 0
2390.20 0
2390.60 0
2391.00 0
2391.40 0
2391.80 0
2392.20 0
2392.60 0
2393.00 0
2393.40 1
2393.80 0
2394.20 0
2394.60 0
2395.00 1
2395.40 0
2395.80 0
2396.20 0
2396.60 0
2397.00 0
2397.40 0
2397.80 0
2398.20 0
2398.60 0
2399.00 0
2399.40 0
2399.80 0
2400.20 0
2400.60 0
2401.00 0
2401.40 0
2401.80 0
2402.20 0
2402.60 0
2403.00 0
2403.40 0
2403.80 0
2404.20 0
2404.60 0
2405.00 0
2405.40 0
2405.80 0
2406.20 0
2406.60 0
2407.00 2
2407.40 0
2407.80 0
2408.20 0
2408.60 0
2409.00 1
2409.40 0
2409.80 0
2410.20 0
2410.60 0
2411.00 0
2411.40 0
2411.80 0
2412.20 1
2412.60 0
2413.00 0
2413.40 1
2413.80 0
2414.20 0
2414.60 0
2415.00 0
2415.40 0
2415.80 0
2416.20 1
2416.60 0
2417.00 0
2417.40 0
2417.80 0
2418.20 0
2418.60 0
2419.00 0
2419.40 0
2419.80 0
2420.20 0
2420.60 0
2421.00 0
2421.40 0
2421.80 0
2422.20 0
2422.60 1
2423.00 0
2423.40 0
2423.80 0
2424.20 0
2424.60 0
2425.00 0
2425.40 0
2425.80 0
2426.20 0
2426.60 0
2427.00 0
2427.40 0
2427.80 0
2428.20 0
2428.60 0
2429.00 0
2429.40 0
2429.80 0
2430.20 0
2430.60 0
2431.00 0
2431.40 1
2431.80 0
2432.20 2
2432.60 0
2433.00 0
2433.40 0
2433.80 0
2434.20 0
2434.60 0
2435.00 0
2435.40 0
2435.80 0
2436.20 0
2436.60 0
2437.00 0
2437.40 0
2437.80 0
2438.20 0
2438.60 0
2439.00 1
2439.40 0
2439.80 0
2440.20 0
2440.60 1
2441.00 0
2441.40 0
2441.80 0
2442.20 0
2442.60 0
2443.00 1
2443.40 1
2443.80 0
2444.20 0
2444.60 0
2445.00 0
2445.40 0
2445.80 0
2446.20 1
2446.60 1
2447.00 1
2447.40 0
2447.80 0
2448.20 0
2448.60 0
2449.00 1
2449.40 0
2449.80 0
2450.20 0
2450.60 1
2451.00 0
2451.40 0
2451.80 0
2452.20 0
2452.60 0
2453.00 0
2453.40 0
2453.80 0
2454.20 0
2454.60 0
2455.00 0
2455.40 0
2455.80 0
2456.20 0
2456.60 0
2457.00 0
2457.40 0
2457.80 0
2458.20 0
2458.60 0
2459.00 1
2459.40 0
2459.80 1
2460.20 0
2460.60 0
2461.00 0
2461.40 0
2461.80 0
2462.20 0
2462.60 0
2463.00 0
2463.40 0
2463.80 0
2464.20 0
2464.60 0
2465.00 0
2465.40 0
2465.80 0
2466.20 0
2466.60 0
2467.00 0
2467.40 0
2467.80 0
2468.20 0
2468.60 0
2469.00 1
2469.40 0
2469.80 0
2470.20 0
2470.60 0
2471.00 0
2471.40 1
2471.80 0
2472.20 0
2472.60 0
2473.00 0
2473.40 0
2473.80 0
2474.20 1
2474.60 0
2475.00 0
2475.40 0
2475.80 0
2476.20 0
2476.60 0
2477.00 0
2477.40 0
2477.80 0
2478.20 0
2478.60 0
2479.00 0
2479.40 0
2479.80 0
2480.20 0
2480.60 0
2481.00 0
2481.40 0
2481.80 0
2482.20 0
2482.60 0
2483.00 0
2483.40 0
2483.80 0
2484.20 0
2484.60 1
2485.00 0
2485.40 0
2485.80 0
2486.20 0
2486.60 0
2487.00 0
2487.40 0
2487.80 0
2488.20 0
2488.60 0
2489.00 0
2489.40 0
2489.80 0
2490.20 0
2490.60 0
2491.00 0
2491.40 0
2491.80 0
2492.20 0
2492.60 0
2493.00 0
2493.40 0
2493.80 0
2494.20 0
2494.60 0
2495.00 0
2495.40 0
2495.80 0
2496.20 0
2496.60 0
2497.00 0
2497.40 0
2497.80 0
2498.20 0
2498.60 0
2499.00 0
2499.40 0
2499.80 2
2500.20 0
2500.60 0
2501.00 0
2501.40 0
2501.80 0
2502.20 0
2502.60 0
2503.00 0
2503.40 0
2503.80 0
2504.20 0
2504.60 0
2505.00 0
2505.40 0
2505.80 0
2506.20 0
2506.60 0
2507.00 0
2507.40 0
2507.80 0
2508.20 0
2508.60 0
2509.00 0
2509.40 0
2509.80 0
2510.20 0
2510.60 0
2511.00 0
2511.40 0
2511.80 0
2512.20 0
2512.60 0
2513.00 0
2513.40 0
2513.80 0
2514.20 0
2514.60 0
2515.00 0
2515.40 0
2515.80 0
2516.20 0
2516.60 0
2517.00 0
2517.40 0
2517.80 0
2518.20 0
2518.60 0
2519.00 0
2519.40 0
2519.80 0
2520.20 0
2520.60 0
2521.00 0
2521.40 0
2521.80 0
2522.20 0
2522.60 0
2523.00 0
2523.40 0
2523.80 0
2524.20 0
2524.60 0
2525.00 0
2525.40 0
2525.80 0
2526.20 0
2526.60 0
2527.00 1
2527.40 0
2527.80 0
2528.20 0
2528.60 1
2529.00 0
2529.40 0
2529.80 0
2530.20 0
2530.60 0
2531.00 0
2531.40 0
2531.80 0
2532.20 0
2532.60 0
2533.00 0
2533.40 0
2533.80 0
2534.20 0
2534.60 1
2535.00 0
2535.40 0
2535.80 0
2536.20 0
2536.60 0
2537.00 0
2537.40 0
2537.80 0
2538.20 0
2538.60 0
2539.00 0
2539.40 0
2539.80 0
2540.20 0
2540.60 0
2541.00 0
2541.40 0
2541.80 0
2542.20 0
2542.60 0
2543.00 0
2543.40 0
2543.80 0
2544.20 0
2544.60 0
2545.00 0
2545.40 1
2545.80 0
2546.20 0
2546.60 0
2547.00 0
2547.40 0
2547.80 0
2548.20 0
2548.60 0
2549.00 0
2549.40 0
2549.80 0
2550.20 0
2550.60 0
2551.00 0
2551.40 0
2551.80 0
2552.20 0
2552.60 0
2553.00 0
2553.40 0
2553.80 0
2554.20 0
2554.60 0
2555.00 1
2555.40 0
2555.80 0
2556.20 0
2556.60 0
2557.00 0
2557.40 0
2557.80 0
2558.20 0
2558.60 0
2559.00 0
2559.40 0
2559.80 0
2560.20 0
2560.60 0
2561.00 0
2561.40 0
2561.80 1
2562.20 0
2562.60 0
2563.00 0
2563.40 0
2563.80 0
2564.20 0
2564.60 0
2565.00 0
2565.40 0
2565.80 0
2566.20 0
2566.60 0
2567.00 0
2567.40 0
2567.80 0
2568.20 0
2568.60 0
2569.00 0
2569.40 0
2569.80 0
2570.20 0
2570.60 0
2571.00 0
2571.40 0
2571.80 0
2572.20 0
2572.60 0
2573.00 0
2573.40 0
2573.80 0
2574.20 0
2574.60 0
2575.00 0
2575.40 0
2575.80 0
2576.20 0
2576.60 0
2577.00 0
2577.40 0
2577.80 1
2578.20 0
2578.60 0
2579.00 0
2579.40 0
2579.80 0
2580.20 0
2580.60 0
2581.00 0
2581.40 0
2581.80 0
2582.20 0
2582.60 0
2583.00 0
2583.40 0
2583.80 0
2584.20 0
2584.60 0
2585.00 0
2585.40 0
2585.80 0
2586.20 0
2586.60 0
2587.00 0
2587.40 0
2587.80 0
2588.20 0
2588.60 0
2589.00 0
2589.40 0
2589.80 0
2590.20 0
2590.60 0
2591.00 0
2591.40 0
2591.80 0
2592.20 0
2592.60 0
2593.00 0
2593.40 0
2593.80 0
2594.20 0
2594.60 0
2595.00 0
2595.40 0
2595.80 0
2596.20 0
2596.60 0
2597.00 0
2597.40 0
2597.80 0
2598.20 0
2598.60 0
2599.00 0
2599.40 0
2599.80 0
2600.20 0
2600.60 0
2601.00 0
2601.40 0
2601.80 0
2602.20 0
2602.60 0
2603.00 0
2603.40 0
2603.80 0
2604.20 0
2604.60 0
2605.00 0
2605.40 0
2605.80 0
2606.20 0
2606.60 0
2607.00 0
2607.40 0
2607.80 0
2608.20 0
2608.60 0
2609.00 0
2609.40 0
2609.80 0
2610.20 0
2610.60 1
2611.00 2
2611.40 1
2611.80 3
2612.20 2
2612.60 3
2613.00 1
2613.40 5
2613.80 6
2614.20 5
2614.60 10
2615.00 7
2615.40 12
2615.80 6
2616.20 4
2616.60 2
2617.00 2
2617.40 0
2617.80 1
2618.20 1
2618.60 2
2619.00 0
2619.40 0
2619.80 1
2620.20 0
2620.60 0
2621.00 0
2621.40 0
2621.80 0
2622.20 0
2622.60 0
2623.00 0
2623.40 0
2623.80 0
2624.20 0
2624.60 0
2625.00 0
2625.40 0
2625.80 0
2626.20 0
2626.60 0
2627.00 0
2627.40 0
2627.80 0
2628.20 0
2628.60 0
2629.00 0
2629.40 0
2629.80 0
2630.20 0
2630.60 0
2631.00 0
2631.40 0
2631.80 0
2632.20 0
2632.60 0
2633.00 0
2633.40 0
2633.80 0
2634.20 0
2634.60 0
2635.00 0
2635.40 0
2635.80 0
2636.20 0
2636.60 0
2637.00 0
2637.40 0
2637.80 0
2638.20 0
2638.60 0
2639.00 0
2639.40 0
2639.80 0
2640.20 0
2640.60 0
2641.00 0
2641.40 0
2641.80 0
2642.20 0
2642.60 0
2643.00 0
2643.40 0
2643.80 0
2644.20 0
2644.60 0
2645.00 0
2645.40 0
2645.80 1
2646.20 0
2646.60 0
2647.00 0
2647.40 0
2647.80 0
2648.20 0
2648.60 0
2649.00 0
2649.40 0
2649.80 0
2650.20 0
2650.60 0
2651.00 0
2651.40 0
2651.80 0
2652.20 0
2652.60 0
2653.00 0
2653.40 0
2653.80 0
2654.20 0
2654.60 0
2655.00 0
2655.40 0
2655.80 0
2656.20 0
2656.60 0
2657.00 0
2657.40 0
2657.80 0
2658.20 0
2658.60 0
2659.00 0
2659.40 0
2659.80 0
2660.20 0
2660.60 0
2661.00 0
2661.40 0
2661.80 0
2662.20 0
2662.60 0
2663.00 0
2663.40 0
2663.80 0
2664.20 0
2664.60 0
2665.00 0
2665.40 0
2665.80 0
2666.20 0
2666.60 0
2667.00 0
2667.40 1
2667.80 0
2668.20 0
2668.60 0
2669.00 0
2669.40 0
2669.80 0
2670.20 0
2670.60 0
2671.00 0
2671.40 0
2671.80 0
2672.20 0
2672.60 0
2673.00 0
2673.40 0
2673.80 0
2674.20 0
2674.60 0
2675.00 0
2675.40 0
2675.80 0
2676.20 0
2676.60 0
2677.00 0
2677.40 0
2677.80 0
2678.20 0
2678.60 0
2679.00 0
2679.40 0
2679.80 0
2680.20 0
2680.60 0
2681.00 0
2681.40 0
2681.80 0
2682.20 0
2682.60 0
2683.00 0
2683.40 0
2683.80 0
2684.20 0
2684.60 0
2685.00 0
2685.40 0
2685.80 0
2686.20 0
2686.60 1
2687.00 0
2687.40 0
2687.80 0
2688.20 0
2688.60 0
2689.00 0
2689.40 0
2689.80 0
2690.20 0
2690.60 0
2691.00 0
2691.40 0
2691.80 0
2692.20 0
2692.60 0
2693.00 0
2693.40 0
2693.80 0
2694.20 0
2694.60 0
2695.00 0
2695.40 0
2695.80 0
2696.20 0
2696.60 0
2697.00 0
2697.40 0
2697.80 0
2698.20 0
2698.60 0
2699.00 0
2699.40 0
2699.80 0
2700.20 0
2700.60 0
2701.00 0
2701.40 0
2701.80 0
2702.20 0
2702.60 0
2703.00 0
2703.40 0
2703.80 0
2704.20 0
2704.60 0
2705.00 0
2705.40 0
2705.80 0
2706.20 0
2706.60 0
2707.00 0
2707.40 0
2707.80 0
2708.20 0
2708.60 0
2709.00 0
2709.40 0
2709.80 0
2710.20 0
2710.60 0
2711.00 0
2711.40 0
2711.80 0
2712.20 0
2712.60 0
2713.00 0
2713.40 0
2713.80 0
2714.20 0
2714.60 0
2715.00 0
2715.40 0
2715.80 0
2716.20 0
2716.60 0
2717.00 0
2717.40 0
2717.80 0
2718.20 0
2718.60 0
2719.00 0
2719.40 0
2719.80 0
2720.20 0
2720.60 0
2721.00 0
2721.40 0
2721.80 0
2722.20 0
2722.60 0
2723.00 0
2723.40 0
2723.80 0
2724.20 0
2724.60 0
2725.00 0
2725.40 1
2725.80 1
2726.20 0
2726.60 0
2727.00 0
2727.40 0
2727.80 0
2728.20 0
2728.60 0
2729.00 0
2729.40 0
2729.80 0
2730.20 0
2730.60 0
2731.00 0
2731.40 0
2731.80 1
2732.20 0
2732.60 0
2733.00 0
2733.40 0
2733.80 1
2734.20 0
2734.60 0
2735.00 0
2735.40 1
2735.80 0
2736.20 1
2736.60 0
2737.00 0
2737.40 0
2737.80 0
2738.20 0
2738.60 0
2739.00 0
2739.40 0
2739.80 0
2740.20 0
2740.60 0
2741.00 0
2741.40 0
2741.80 0
2742.20 0
2742.60 0
2743.00 1
2743.40 0
2743.80 0
2744.20 0
2744.60 0
2745.00 0
2745.40 0
2745.80 0
2746.20 0
2746.60 0
2747.00 0
2747.40 0
2747.80 0
2748.20 0
2748.60 0
2749.00 0
2749.40 0
2749.80 0
2750.20 0
2750.60 0
2751.00 0
2751.40 0
2751.80 0
2752.20 0
2752.60 0
2753.00 0
2753.40 0
2753.80 0
2754.20 0
2754.60 0
2755.00 0
2755.40 0
2755.80 0
2756.20 0
2756.60 0
2757.00 0
2757.40 0
2757.80 0
2758.20 0
2758.60 0
2759.00 0
2759.40 0
2759.80 0
2760.20 0
2760.60 0
2761.00 0
2761.40 1
2761.80 0
2762.20 0
2762.60 0
2763.00 0
2763.40 0
2763.80 0
2764.20 0
2764.60 0
2765.00 0
2765.40 0
2765.80 0
2766.20 0
2766.60 0
2767.00 0
2767.40 0
2767.80 0
2768.20 0
2768.60 0
2769.00 0
2769.40 0
2769.80 0
2770.20 0
2770.60 0
2771.00 0
2771.40 0
2771.80 0
2772.20 0
2772.60 0
2773.00 0
2773.40 0
2773.80 0
2774.20 0
2774.60 0
2775.00 0
2775.40 0
2775.80 0
2776.20 0
2776.60 0
2777.00 0
2777.40 0
2777.80 0
2778.20 0
2778.60 0
2779.00 0
2779.40 0
2779.80 0
2780.20 0
2780.60 0
2781.00 0
2781.40 0
2781.80 0
2782.20 0
2782.60 0
2783.00 0
2783.40 0
2783.80 0
2784.20 0
2784.60 0
2785.00 0
2785.40 0
2785.80 0
2786.20 0
2786.60 0
2787.00 0
2787.40 0
2787.80 0
2788.20 0
2788.60 0
2789.00 0
2789.40 0
2789.80 0
2790.20 0
2790.60 0
2791.00 0
2791.40 0
2791.80 0
2792.20 0
2792.60 0
2793.00 0
2793.40 0
2793.80 0
2794.20 0
2794.60 0
2795.00 0
2795.40 0
2795.80 0
2796.20 0
2796.60 0
2797.00 0
2797.40 0
2797.80 0
2798.20 0
2798.60 0
2799.00 0
2799.40 0
2799.80 0
2800.20 0
2800.60 0
2801.00 0
2801.40 0
2801.80 0
2802.20 0
2802.60 0
2803.00 0
2803.40 0
2803.80 0
2804.20 0
2804.60 0
2805.00 0
2805.40 0
2805.80 0
2806.20 0
2806.60 0
2807.00 0
2807.40 0
2807.80 0
2808.20 0
2808.60 0
2809.00 0
2809.40 0
2809.80 0
2810.20 0
2810.60 0
2811.00 0
2811.40 0
2811.80 0
2812.20 0
2812.60 0
2813.00 0
2813.40 0
2813.80 0
2814.20 0
2814.60 0
2815.00 0
2815.40 0
2815.80 0
2816.20 0
2816.60 0
2817.00 0
2817.40 0
2817.80 0
2818.20 0
2818.60 0
2819.00 0
2819.40 0
2819.80 0
2820.20 0
2820.60 0
2821.00 0
2821.40 0
2821.80 0
2822.20 1
2822.60 0
2823.00 0
2823.40 1
2823.80 0
2824.20 0
2824.60 0
2825.00 0
2825.40 0
2825.80 0
2826.20 0
2826.60 0
2827.00 0
2827.40 0
2827.80 0
2828.20 0
2828.60 0
2829.00 0
2829.40 0
2829.80 0
2830.20 0
2830.60 0
2831.00 0
2831.40 0
2831.80 0
2832.20 0
2832.60 0
2833.00 0
2833.40 0
2833.80 0
2834.20 0
2834.60 0
2835.00 0
2835.40 0
2835.80 1
2836.20 0
2836.60 1
2837.00 0
2837.40 0
2837.80 0
2838.20 0
2838.60 0
2839.00 0
2839.40 0
2839.80 0
2840.20 0
2840.60 0
2841.00 0
2841.40 0
2841.80 0
2842.20 0
2842.60 0
2843.00 0
2843.40 0
2843.80 0
2844.20 0
2844.60 1
2845.00 0
2845.40 0
2845.80 0
2846.20 0
2846.60 0
2847.00 0
2847.40 0
2847.80 0
2848.20 0
2848.60 0
2849.00 0
2849.40 0
2849.80 0
2850.20 0
2850.60 0
2851.00 0
2851.40 0
2851.80 0
2852.20 0
2852.60 0
2853.00 0
2853.40 0
2853.80 0
2854.20 0
2854.60 0
2855.00 0
2855.40 0
2855.80 0
2856.20 0
2856.60 0
2857.00 0
2857.40 0
2857.80 0
2858.20 0
2858.60 0
2859.00 0
2859.40 0
2859.80 0
2860.20 0
2860.60 0
2861.00 0
2861.40 0
2861.80 0
2862.20 0
2862.60 0
2863.00 0
2863.40 0
2863.80 0
2864.20 0
2864.60 0
2865.00 0
2865.40 0
2865.80 0
2866.20 0
2866.60 0
2867.00 0
2867.40 0
2867.80 0
2868.20 0
2868.60 0
2869.00 0
2869.40 0
2869.80 0
2870.20 0
2870.60 0
2871.00 0
2871.40 0
2871.80 0
2872.20 0
2872.60 0
2873.00 0
2873.40 0
2873.80 0
2874.20 0
2874.60 0
2875.00 0
2875.40 0
2875.80 0
2876.20 0
2876.60 0
2877.00 0
2877.40 0
2877.80 0
2878.20 0
2878.60 0
2879.00 0
2879.40 0
2879.80 0
2880.20 0
2880.60 0
2881.00 0
2881.40 0
2881.80 0
2882.20 0
2882.60 0
2883.00 0
2883.40 0
2883.80 0
2884.20 0
2884.60 0
2885.00 0
2885.40 0
2885.80 0
2886.20 0
2886.60 0
2887.00 0
2887.40 0
2887.80 0
2888.20 0
2888.60 0
2889.00 0
2889.40 0
2889.80 0
2890.20 0
2890.60 0
2891.00 0
2891.40 0
2891.80 0
2892.20 0
2892.60 0
2893.00 0
2893.40 0
2893.80 0
2894.20 0
2894.60 1
2895.00 0
2895.40 0
2895.80 0
2896.20 0
2896.60 0
2897.00 0
2897.40 0
2897.80 0
2898.20 0
2898.60 0
2899.00 0
2899.40 0
2899.80 0
2900.20 0
2900.60 0
2901.00 0
2901.40 0
2901.80 0
2902.20 0
2902.60 0
2903.00 0
2903.40 0
2903.80 0
2904.20 0
2904.60 0
2905.00 0
2905.40 0
2905.80 0
2906.20 0
2906.60 0
2907.00 0
2907.40 0
2907.80 0
2908.20 0
2908.60 0
2909.00 0
2909.40 0
2909.80 0
2910.20 0
2910.60 0
2911.00 0
2911.40 0
2911.80 0
2912.20 0
2912.60 0
2913.00 0
2913.40 0
2913.80 0
2914.20 0
2914.60 0
2915.00 0
2915.40 0
2915.80 0
2916.20 0
2916.60 0
2917.00 0
2917.40 0
2917.80 0
2918.20 0
2918.60 0
2919.00 0
2919.40 0
2919.80 0
2920.20 0
2920.60 0
2921.00 0
2921.40 0
2921.80 0
2922.20 0
2922.60 0
2923.00 0
2923.40 0
2923.80 0
2924.20 0
2924.60 0
2925.00 0
2925.40 0
2925.80 0
2926.20 0
2926.60 0
2927.00 0
2927.40 0
2927.80 0
2928.20 0
2928.60 0
2929.00 0
2929.40 0
2929.80 0
2930.20 0
2930.60 0
2931.00 0
2931.40 0
2931.80 0
2932.20 0
2932.60 0
2933.00 0
2933.40 0
2933.80 0
2934.20 0
2934.60 0
2935.00 0
2935.40 0
2935.80 0
2936.20 0
2936.60 0
2937.00 0
2937.40 0
2937.80 0
2938.20 0
2938.60 0
2939.00 0
2939.40 0
2939.80 0
2940.20 0
2940.60 0
2941.00 0
2941.40 0
2941.80 0
2942.20 0
2942.60 0
2943.00 0
2943.40 0
2943.80 0
2944.20 0
2944.60 0
2945.00 0
2945.40 0
2945.80 0
2946.20 0
2946.60 0
2947.00 0
2947.40 0
2947.80 0
2948.20 0
2948.60 0
2949.00 0
2949.40 0
2949.80 0
2950.20 0
2950.60 0
2951.00 0
2951.40 0
2951.80 0
2952.20 0
2952.60 0
2953.00 0
2953.40 0
2953.80 0
2954.20 0
2954.60 0
2955.00 0
2955.40 0
2955.80 0
2956.20 0
2956.60 0
2957.00 0
2957.40 0
2957.80 0
2958.20 0
2958.60 0
2959.00 0
2959.40 0
2959.80 0
2960.20 0
2960.60 0
2961.00 0
2961.40 0
2961.80 0
2962.20 0
2962.60 0
2963.00 0
2963.40 0
2963.80 0
2964.20 0
2964.60 0
2965.00 0
2965.40 0
2965.80 0
2966.20 0
2966.60 0
2967.00 0
2967.40 0
2967.80 0
2968.20 0
2968.60 0
2969.00 0
2969.40 0
2969.80 0
2970.20 0
2970.60 0
2971.00 0
2971.40 0
2971.80 0
2972.20 0
2972.60 0
2973.00 0
2973.40 0
2973.80 0
2974.20 0
2974.60 0
2975.00 0
2975.40 0
2975.80 0
2976.20 0
2976.60 0
2977.00 0
2977.40 1
2977.80 0
2978.20 0
2978.60 0
2979.00 0
2979.40 0
2979.80 0
2980.20 0
2980.60 0
2981.00 0
2981.40 0
2981.80 0
2982.20 0
2982.60 0
2983.00 0
2983.40 0
2983.80 0
2984.20 0
2984.60 0
2985.00 0
2985.40 0
2985.80 0
2986.20 0
2986.60 0
2987.00 0
2987.40 0
2987.80 0
2988.20 0
2988.60 0
2989.00 0
2989.40 0
2989.80 0
2990.20 0
2990.60 0
2991.00 0
2991.40 0
2991.80 0
2992.20 0
2992.60 0
2993.00 0
2993.40 0
2993.80 0
2994.20 0
2994.60 0
2995.00 0
2995.40 0
2995.80 0
2996.20 0
2996.60 0
2997.00 0
2997.40 0
2997.80 0
2998.20 0
2998.60 0
2999.00 0
2999.40 0
